 x V Evac Ec Ev phin phip n p nion pion ftb1 fti1 mun mup Gehp Gfree Rdir BulkSRHn BulkSRHp IntSRHn IntSRHp Jn Jp Jtot Vext
 0.00000000000E+0000  5.00000000000E-0001  0.00000000000E+0000 -3.00000000000E+0000 -5.00000000000E+0000 -3.00000000000E+0000 -3.00000000000E+0000  1.00000000000E+0027  6.80418492083E-0008  0.00000000000E+0000  0.00000000000E+0000  0.00000000000E+0000  0.00000000000E+0000  1.00000000000E-0007  1.00000000000E-0008  0.00000000000E+0000  0.00000000000E+0000  0.00000000000E+0000  0.00000000000E+0000  0.00000000000E+0000  0.00000000000E+0000  0.00000000000E+0000  9.11412780703E-0005  3.88338984436E-0015  9.11412780742E-0005  1.00000000000E+0000
 1.96078431373E-0009  3.66667760763E-0001  1.33332239237E-0001 -2.86666776076E+0000 -4.86666776076E+0000 -3.00000000000E+0000 -3.68585706438E+0000  5.27477288457E+0024  6.72184171147E+0006  0.00000000000E+0000  0.00000000000E+0000  0.00000000000E+0000  0.00000000000E+0000  1.00000000000E-0007  1.00000000000E-0008  0.00000000000E+0000  0.00000000000E+0000  1.76438005549E+0016  0.00000000000E+0000  0.00000000000E+0000  0.00000000000E+0000  0.00000000000E+0000  9.11318593712E-0005  5.54680441907E-0012  9.11318649180E-0005  1.00000000000E+0000
 3.92156862745E-0009  3.25078074474E-0001  1.74921925526E-0001 -2.82507807447E+0000 -4.82507807447E+0000 -3.00000000001E+0000 -3.76270673200E+0000  1.02731044414E+0024  7.09349460427E+0008  0.00000000000E+0000  0.00000000000E+0000  0.00000000000E+0000  0.00000000000E+0000  1.00000000000E-0007  1.00000000000E-0008  0.00000000000E+0000  0.00000000000E+0000  3.62628588627E+0017  0.00000000000E+0000  0.00000000000E+0000  0.00000000000E+0000  0.00000000000E+0000  9.11315340209E-0005  1.19469064164E-0010  9.11316534899E-0005  1.00000000000E+0000
 5.88235294118E-0009  3.01356092611E-0001  1.98643907389E-0001 -2.80135609261E+0000 -4.80135609261E+0000 -3.00000054477E+0000 -3.80938146824E+0000  4.04050142328E+0023  1.13107253536E+0010  0.00000000000E+0000  0.00000000000E+0000  0.00000000000E+0000  0.00000000000E+0000  1.00000000000E-0007  1.00000000000E-0008  0.00000000000E+0000  0.00000000000E+0000  2.27418512543E+0018  0.00000000000E+0000  0.00000000000E+0000  0.00000000000E+0000  0.00000000000E+0000  9.11307919700E-0005  8.33919928471E-0010  9.11316258899E-0005  1.00000000000E+0000
 7.84313725490E-0009  2.84661634470E-0001  2.15338365530E-0001 -2.78466163447E+0000 -4.78466163447E+0000 -3.00000059021E+0000 -3.84195961945E+0000  2.09523549715E+0023  7.85678003953E+0010  0.00000000000E+0000  0.00000000000E+0000  0.00000000000E+0000  0.00000000000E+0000  1.00000000000E-0007  1.00000000000E-0008  0.00000000000E+0000  0.00000000000E+0000  8.19176587586E+0018  0.00000000000E+0000  0.00000000000E+0000  0.00000000000E+0000  0.00000000000E+0000  9.11282118922E-0005  3.40741939637E-0009  9.11316193116E-0005  1.00000000000E+0000
 9.80392156863E-0009  2.71611356993E-0001  2.28388643007E-0001 -2.77161135699E+0000 -4.77161135699E+0000 -3.00000059830E+0000 -3.86657057957E+0000  1.25396908260E+0023  3.45648409914E+0011  0.00000000000E+0000  0.00000000000E+0000  0.00000000000E+0000  0.00000000000E+0000  1.00000000000E-0007  1.00000000000E-0008  0.00000000000E+0000  0.00000000000E+0000  2.15685766287E+0019  0.00000000000E+0000  0.00000000000E+0000  0.00000000000E+0000  0.00000000000E+0000  9.11214339243E-0005  1.01833357639E-0008  9.11316172601E-0005  1.00000000000E+0000
 1.17647058824E-0008  2.60742070575E-0001  2.39257929425E-0001 -2.76074207057E+0000 -4.76074207057E+0000 -3.00000008843E+0000 -3.88607686338E+0000  8.17727998410E+0022  1.14171844580E+0012  0.00000000000E+0000  0.00000000000E+0000  0.00000000000E+0000  0.00000000000E+0000  1.00000000000E-0007  1.00000000000E-0008  0.00000000000E+0000  0.00000000000E+0000  4.64587990457E+0019  0.00000000000E+0000  0.00000000000E+0000  0.00000000000E+0000  0.00000000000E+0000  9.11068378238E-0005  2.47786863190E-0008  9.11316165101E-0005  1.00000000000E+0000
 1.37254901961E-0008  2.51295034096E-0001  2.48704965904E-0001 -2.75129503410E+0000 -4.75129503410E+0000 -2.99999983632E+0000 -3.90202446864E+0000  5.63928014445E+0022  3.10021078461E+0012  0.00000000000E+0000  0.00000000000E+0000  0.00000000000E+0000  0.00000000000E+0000  1.00000000000E-0007  1.00000000000E-0008  0.00000000000E+0000  0.00000000000E+0000  8.69991452915E+0019  0.00000000000E+0000  0.00000000000E+0000  0.00000000000E+0000  0.00000000000E+0000  9.10795061588E-0005  5.21100648653E-0008  9.11316162237E-0005  1.00000000000E+0000
 1.56862745098E-0008  2.42828820809E-0001  2.57171179191E-0001 -2.74282882081E+0000 -4.74282882081E+0000 -2.99999969096E+0000 -3.91533687421E+0000  4.04196594938E+0022  7.30211546509E+0012  0.00000000000E+0000  0.00000000000E+0000  0.00000000000E+0000  0.00000000000E+0000  1.00000000000E-0007  1.00000000000E-0008  0.00000000000E+0000  0.00000000000E+0000  1.46872822229E+0020  0.00000000000E+0000  0.00000000000E+0000  0.00000000000E+0000  0.00000000000E+0000  9.10333649407E-0005  9.82511699194E-0008  9.11316161106E-0005  1.00000000000E+0000
 1.76470588235E-0008  2.35065614614E-0001  2.64934385386E-0001 -2.73506561461E+0000 -4.73506561461E+0000 -2.99999959699E+0000 -3.92661163016E+0000  2.97831517136E+0022  1.54413708531E+0013  0.00000000000E+0000  0.00000000000E+0000  0.00000000000E+0000  0.00000000000E+0000  1.00000000000E-0007  1.00000000000E-0008  0.00000000000E+0000  0.00000000000E+0000  2.28852995215E+0020  0.00000000000E+0000  0.00000000000E+0000  0.00000000000E+0000  0.00000000000E+0000  9.09614691655E-0005  1.70146908926E-0007  9.11316160744E-0005  1.00000000000E+0000
 1.96078431373E-0008  2.27820417901E-0001  2.72179582099E-0001 -2.72782041790E+0000 -4.72782041790E+0000 -2.99999953071E+0000 -3.93625915142E+0000  2.23974026151E+0022  3.00105871251E+0013  0.00000000000E+0000  0.00000000000E+0000  0.00000000000E+0000  0.00000000000E+0000  1.00000000000E-0007  1.00000000000E-0008  0.00000000000E+0000  0.00000000000E+0000  3.34481608098E+0020  0.00000000000E+0000  0.00000000000E+0000  0.00000000000E+0000  0.00000000000E+0000  9.08563894691E-0005  2.75226601572E-0007  9.11316160707E-0005  1.00000000000E+0000
 2.15686274510E-0008  2.20964772538E-0001  2.79035227462E-0001 -2.72096477254E+0000 -4.72096477254E+0000 -2.99999948070E+0000 -3.94457508517E+0000  1.71032768716E+0022  5.45079516706E+0013  0.00000000000E+0000  0.00000000000E+0000  0.00000000000E+0000  0.00000000000E+0000  1.00000000000E-0007  1.00000000000E-0008  0.00000000000E+0000  0.00000000000E+0000  4.63915926106E+0020  0.00000000000E+0000  0.00000000000E+0000  0.00000000000E+0000  0.00000000000E+0000  9.07106471044E-0005  4.20968973495E-0007  9.11316160778E-0005  1.00000000000E+0000
 2.35294117647E-0008  2.14406599371E-0001  2.85593400629E-0001 -2.71440659937E+0000 -4.71440659937E+0000 -2.99999944094E+0000 -3.95178084888E+0000  1.32142561191E+0022  9.36693741705E+0013  0.00000000000E+0000  0.00000000000E+0000  0.00000000000E+0000  0.00000000000E+0000  1.00000000000E-0007  1.00000000000E-0008  0.00000000000E+0000  0.00000000000E+0000  6.15942869904E+0020  0.00000000000E+0000  0.00000000000E+0000  0.00000000000E+0000  0.00000000000E+0000  9.05171444386E-0005  6.14471653134E-0007  9.11316160918E-0005  1.00000000000E+0000
 2.54901960784E-0008  2.08078257822E-0001  2.91921742178E-0001 -2.70807825782E+0000 -4.70807825782E+0000 -2.99999940802E+0000 -3.95804769013E+0000  1.03022563278E+0022  1.53733613022E+0014  0.00000000000E+0000  0.00000000000E+0000  0.00000000000E+0000  0.00000000000E+0000  1.00000000000E-0007  1.00000000000E-0008  0.00000000000E+0000  0.00000000000E+0000  7.88136205855E+0020  0.00000000000E+0000  0.00000000000E+0000  0.00000000000E+0000  0.00000000000E+0000  9.02695460540E-0005  8.62070050981E-0007  9.11316161050E-0005  1.00000000000E+0000
 2.74509803922E-0008  2.01929100345E-0001  2.98070899655E-0001 -2.70192910034E+0000 -4.70192910034E+0000 -2.99999937989E+0000 -3.96351165582E+0000  8.08877977700E+0021  2.42752059755E+0014  0.00000000000E+0000  0.00000000000E+0000  0.00000000000E+0000  0.00000000000E+0000  1.00000000000E-0007  1.00000000000E-0008  0.00000000000E+0000  0.00000000000E+0000  9.77115783910E+0020  0.00000000000E+0000  0.00000000000E+0000  0.00000000000E+0000  0.00000000000E+0000  8.99625784382E-0005  1.16903768019E-0006  9.11316161183E-0005  1.00000000000E+0000
 2.94117647059E-0008  1.95920628599E-0001  3.04079371401E-0001 -2.69592062860E+0000 -4.69592062860E+0000 -2.99999935530E+0000 -3.96828327736E+0000  6.38611936826E+0021  3.70958950395E+0014  0.00000000000E+0000  0.00000000000E+0000  0.00000000000E+0000  0.00000000000E+0000  1.00000000000E-0007  1.00000000000E-0008  0.00000000000E+0000  0.00000000000E+0000  1.17886202991E+0021  0.00000000000E+0000  0.00000000000E+0000  0.00000000000E+0000  0.00000000000E+0000  8.95922308526E-0005  1.53938527712E-0006  9.11316161298E-0005  1.00000000000E+0000
 3.13725490196E-0008  1.90023228719E-0001  3.09976771281E-0001 -2.69002322872E+0000 -4.69002322872E+0000 -2.99999933343E+0000 -3.97245404881E+0000  5.06393957116E+0021  5.51222055343E+0014  0.00000000000E+0000  0.00000000000E+0000  0.00000000000E+0000  0.00000000000E+0000  1.00000000000E-0007  1.00000000000E-0008  0.00000000000E+0000  0.00000000000E+0000  1.38904141361E+0021  0.00000000000E+0000  0.00000000000E+0000  0.00000000000E+0000  0.00000000000E+0000  8.91558539697E-0005  1.97576216984E-0006  9.11316161396E-0005  1.00000000000E+0000
 3.33333333333E-0008  1.84213904420E-0001  3.15786095580E-0001 -2.68421390442E+0000 -4.68421390442E+0000 -2.99999931378E+0000 -3.97610088633E+0000  4.02943921058E+0021  7.99598526450E+0014  0.00000000000E+0000  0.00000000000E+0000  0.00000000000E+0000  0.00000000000E+0000  1.00000000000E-0007  1.00000000000E-0008  0.00000000000E+0000  0.00000000000E+0000  1.60330699346E+0021  0.00000000000E+0000  0.00000000000E+0000  0.00000000000E+0000  0.00000000000E+0000  8.86521640830E-0005  2.47945206493E-0006  9.11316161479E-0005  1.00000000000E+0000
 3.52941176471E-0008  1.78474662944E-0001  3.21525337056E-0001 -2.67847466294E+0000 -4.67847466294E+0000 -2.99999929603E+0000 -3.97928927759E+0000  3.21512555384E+0021  1.13602580978E+0015  0.00000000000E+0000  0.00000000000E+0000  0.00000000000E+0000  0.00000000000E+0000  1.00000000000E-0007  1.00000000000E-0008  0.00000000000E+0000  0.00000000000E+0000  1.81754942340E+0021  0.00000000000E+0000  0.00000000000E+0000  0.00000000000E+0000  0.00000000000E+0000  8.80811684652E-0005  3.05044768967E-0006  9.11316161548E-0005  1.00000000000E+0000
 3.72549019608E-0008  1.72791341168E-0001  3.27208658832E-0001 -2.67279134117E+0000 -4.67279134117E+0000 -2.99999928001E+0000 -3.98207555825E+0000  2.57102646506E+0021  1.58518370661E+0015  0.00000000000E+0000  0.00000000000E+0000  0.00000000000E+0000  0.00000000000E+0000  1.00000000000E-0007  1.00000000000E-0008  0.00000000000E+0000  0.00000000000E+0000  2.02808540856E+0021  0.00000000000E+0000  0.00000000000E+0000  0.00000000000E+0000  0.00000000000E+0000  8.74440315214E-0005  3.68758463900E-0006  9.11316161604E-0005  1.00000000000E+0000
 3.92156862745E-0008  1.67152736462E-0001  3.32847263538E-0001 -2.66715273646E+0000 -4.66715273646E+0000 -2.99999926567E+0000 -3.98450859340E+0000  2.05958185745E+0021  2.17757119338E+0015  0.00000000000E+0000  0.00000000000E+0000  0.00000000000E+0000  0.00000000000E+0000  1.00000000000E-0007  1.00000000000E-0008  0.00000000000E+0000  0.00000000000E+0000  2.23178068070E+0021  0.00000000000E+0000  0.00000000000E+0000  0.00000000000E+0000  0.00000000000E+0000  8.67429023091E-0005  4.38871385598E-0006  9.11316161651E-0005  1.00000000000E+0000
 4.11764705882E-0008  1.61549953411E-0001  3.38450046589E-0001 -2.66154995341E+0000 -4.66154995341E+0000 -2.99999925302E+0000 -3.98663104512E+0000  1.65220336419E+0021  2.95085096566E+0015  0.00000000000E+0000  0.00000000000E+0000  0.00000000000E+0000  0.00000000000E+0000  1.00000000000E-0007  1.00000000000E-0008  0.00000000000E+0000  0.00000000000E+0000  2.42611214265E+0021  0.00000000000E+0000  0.00000000000E+0000  0.00000000000E+0000  0.00000000000E+0000  8.59807225334E-0005  5.15089363539E-0006  9.11316161688E-0005  1.00000000000E+0000
 4.31372549020E-0008  1.55975906590E-0001  3.44024093410E-0001 -2.65597590659E+0000 -4.65597590659E+0000 -2.99999924219E+0000 -3.98848034715E+0000  1.32690195569E+0021  3.95152639138E+0015  0.00000000000E+0000  0.00000000000E+0000  0.00000000000E+0000  0.00000000000E+0000  1.00000000000E-0007  1.00000000000E-0008  0.00000000000E+0000  0.00000000000E+0000  2.60917864046E+0021  0.00000000000E+0000  0.00000000000E+0000  0.00000000000E+0000  0.00000000000E+0000  8.51610311605E-0005  5.97058501142E-0006  9.11316161719E-0005  1.00000000000E+0000
 4.50980392157E-0008  1.50424938110E-0001  3.49575061890E-0001 -2.65042493811E+0000 -4.65042493811E+0000 -2.99999923340E+0000 -3.99008946856E+0000  1.06661673419E+0021  5.23703026872E+0015  0.00000000000E+0000  0.00000000000E+0000  0.00000000000E+0000  0.00000000000E+0000  1.00000000000E-0007  1.00000000000E-0008  0.00000000000E+0000  0.00000000000E+0000  2.77967211685E+0021  0.00000000000E+0000  0.00000000000E+0000  0.00000000000E+0000  0.00000000000E+0000  8.42877780912E-0005  6.84383808311E-0006  9.11316161743E-0005  1.00000000000E+0000
 4.70588235294E-0008  1.44892520887E-0001  3.55107479113E-0001 -2.64489252089E+0000 -4.64489252089E+0000 -2.99999922692E+0000 -3.99148752343E+0000  8.58014910012E+0020  6.87832322042E+0015  0.00000000000E+0000  0.00000000000E+0000  0.00000000000E+0000  0.00000000000E+0000  1.00000000000E-0007  1.00000000000E-0008  0.00000000000E+0000  0.00000000000E+0000  2.93682121209E+0021  0.00000000000E+0000  0.00000000000E+0000  0.00000000000E+0000  0.00000000000E+0000  8.33651555549E-0005  7.76646062154E-0006  9.11316161764E-0005  1.00000000000E+0000
 4.90196078431E-0008  1.39375026741E-0001  3.60624973259E-0001 -2.63937502674E+0000 -4.63937502674E+0000 -2.99999922314E+0000 -3.99270026628E+0000  6.90615259919E+0020  8.96312260300E+0015  0.00000000000E+0000  0.00000000000E+0000  0.00000000000E+0000  0.00000000000E+0000  1.00000000000E-0007  1.00000000000E-0008  0.00000000000E+0000  0.00000000000E+0000  3.08031833503E+0021  0.00000000000E+0000  0.00000000000E+0000  0.00000000000E+0000  0.00000000000E+0000  8.23974524121E-0005  8.73416376593E-0006  9.11316161780E-0005  1.00000000000E+0000
 5.09803921569E-0008  1.33869544105E-0001  3.66130455895E-0001 -2.63386954410E+0000 -4.63386954410E+0000 -2.99999922258E+0000 -3.99375050153E+0000  5.56138102863E+0020  1.15999115450E+0016  0.00000000000E+0000  0.00000000000E+0000  0.00000000000E+0000  0.00000000000E+0000  1.00000000000E-0007  1.00000000000E-0008  0.00000000000E+0000  0.00000000000E+0000  3.21023941118E+0021  0.00000000000E+0000  0.00000000000E+0000  0.00000000000E+0000  0.00000000000E+0000  8.13889336713E-0005  9.74268250800E-0006  9.11316161793E-0005  1.00000000000E+0000
 5.29411764706E-0008  1.28373734011E-0001  3.71626265989E-0001 -2.62837373401E+0000 -4.62837373401E+0000 -2.99999922585E+0000 -3.99465842760E+0000  4.48016808678E+0020  1.49229134803E+0016  0.00000000000E+0000  0.00000000000E+0000  0.00000000000E+0000  0.00000000000E+0000  1.00000000000E-0007  1.00000000000E-0008  0.00000000000E+0000  0.00000000000E+0000  3.32696339661E+0021  0.00000000000E+0000  0.00000000000E+0000  0.00000000000E+0000  0.00000000000E+0000  8.03437452893E-0005  1.07878708912E-0005  9.11316161804E-0005  1.00000000000E+0000
 5.49019607843E-0008  1.22885715881E-0001  3.77114284119E-0001 -2.62288571588E+0000 -4.62288571588E+0000 -2.99999923375E+0000 -3.99544193011E+0000  3.61026433585E+0020  1.90982619569E+0016  0.00000000000E+0000  0.00000000000E+0000  0.00000000000E+0000  0.00000000000E+0000  1.00000000000E-0007  1.00000000000E-0008  0.00000000000E+0000  0.00000000000E+0000  3.43109656231E+0021  0.00000000000E+0000  0.00000000000E+0000  0.00000000000E+0000  0.00000000000E+0000  7.92658427583E-0005  1.18657734229E-0005  9.11316161813E-0005  1.00000000000E+0000
 5.68627450980E-0008  1.17403976644E-0001  3.82596023356E-0001 -2.61740397664E+0000 -4.61740397664E+0000 -2.99999924723E+0000 -3.99611683538E+0000  2.90998576804E+0020  2.43316506125E+0016  0.00000000000E+0000  0.00000000000E+0000  0.00000000000E+0000  0.00000000000E+0000  1.00000000000E-0007  1.00000000000E-0008  0.00000000000E+0000  0.00000000000E+0000  3.52340470690E+0021  0.00000000000E+0000  0.00000000000E+0000  0.00000000000E+0000  0.00000000000E+0000  7.81589409901E-0005  1.29726751918E-0005  9.11316161819E-0005  1.00000000000E+0000
 5.88235294118E-0008  1.11927298235E-0001  3.88072701765E-0001 -2.61192729823E+0000 -4.61192729823E+0000 -2.99999926748E+0000 -3.99669713201E+0000  2.34600573987E+0020  3.08778165582E+0016  0.00000000000E+0000  0.00000000000E+0000  0.00000000000E+0000  0.00000000000E+0000  1.00000000000E-0007  1.00000000000E-0008  0.00000000000E+0000  0.00000000000E+0000  3.60475494860E+0021  0.00000000000E+0000  0.00000000000E+0000  0.00000000000E+0000  0.00000000000E+0000  7.70264824850E-0005  1.41051336975E-0005  9.11316161825E-0005  1.00000000000E+0000
 6.07843137255E-0008  1.06454699627E-0001  3.93545300373E-0001 -2.60645469963E+0000 -4.60645469963E+0000 -2.99999929594E+0000 -3.99719516657E+0000  1.89163278797E+0020  3.90522951365E+0016  0.00000000000E+0000  0.00000000000E+0000  0.00000000000E+0000  0.00000000000E+0000  1.00000000000E-0007  1.00000000000E-0008  0.00000000000E+0000  0.00000000000E+0000  3.67606760311E+0021  0.00000000000E+0000  0.00000000000E+0000  0.00000000000E+0000  0.00000000000E+0000  7.58716206201E-0005  1.52599955629E-0005  9.11316161829E-0005  1.00000000000E+0000
 6.27450980392E-0008  1.00985390400E-0001  3.99014609600E-0001 -2.60098539040E+0000 -4.60098539040E+0000 -2.99999933439E+0000 -3.99762181784E+0000  1.52545928214E+0020  4.92459890282E+0016  0.00000000000E+0000  0.00000000000E+0000  0.00000000000E+0000  0.00000000000E+0000  1.00000000000E-0007  1.00000000000E-0008  0.00000000000E+0000  0.00000000000E+0000  3.73827784957E+0021  0.00000000000E+0000  0.00000000000E+0000  0.00000000000E+0000  0.00000000000E+0000  7.46972149791E-0005  1.64344012042E-0005  9.11316161833E-0005  1.00000000000E+0000
 6.47058823529E-0008  9.55187335024E-0002  4.04481266498E-0001 -2.59551873350E+0000 -4.59551873350E+0000 -2.99999938497E+0000 -3.99798665300E+0000  1.23029571312E+0020  6.19432248279E+0016  0.00000000000E+0000  0.00000000000E+0000  0.00000000000E+0000  0.00000000000E+0000  1.00000000000E-0007  1.00000000000E-0008  0.00000000000E+0000  0.00000000000E+0000  3.79230637169E+0021  0.00000000000E+0000  0.00000000000E+0000  0.00000000000E+0000  0.00000000000E+0000  7.35058359071E-0005  1.76257802765E-0005  9.11316161836E-0005  1.00000000000E+0000
 6.66666666667E-0008  9.00542153443E-0002  4.09945784656E-0001 -2.59005421534E+0000 -4.59005421534E+0000 -2.99999945029E+0000 -3.99829806824E+0000  9.92326723437E+0019  7.77441314813E+0016  0.00000000000E+0000  0.00000000000E+0000  0.00000000000E+0000  0.00000000000E+0000  1.00000000000E-0007  1.00000000000E-0008  0.00000000000E+0000  0.00000000000E+0000  3.83903787576E+0021  0.00000000000E+0000  0.00000000000E+0000  0.00000000000E+0000  0.00000000000E+0000  7.22997758124E-0005  1.88318403715E-0005  9.11316161838E-0005  1.00000000000E+0000
 6.86274509804E-0008  8.45914217583E-0002  4.15408578242E-0001 -2.58459142176E+0000 -4.58459142176E+0000 -2.99999953354E+0000 -3.99856341575E+0000  8.00440434727E+0019  9.73923748527E+0016  0.00000000000E+0000  0.00000000000E+0000  0.00000000000E+0000  0.00000000000E+0000  1.00000000000E-0007  1.00000000000E-0008  0.00000000000E+0000  0.00000000000E+0000  3.87930627295E+0021  0.00000000000E+0000  0.00000000000E+0000  0.00000000000E+0000  0.00000000000E+0000  7.10810651242E-0005  2.00505510598E-0005  9.11316161840E-0005  1.00000000000E+0000
 7.05882352941E-0008  7.91300186606E-0002  4.20869981339E-0001 -2.57913001866E+0000 -4.57913001866E+0000 -2.99999963857E+0000 -3.99878911871E+0000  6.45693974460E+0019  1.21809530394E+0017  0.00000000000E+0000  0.00000000000E+0000  0.00000000000E+0000  0.00000000000E+0000  1.00000000000E-0007  1.00000000000E-0008  0.00000000000E+0000  0.00000000000E+0000  3.91388531785E+0021  0.00000000000E+0000  0.00000000000E+0000  0.00000000000E+0000  0.00000000000E+0000  6.98514911918E-0005  2.12801249924E-0005  9.11316161842E-0005  1.00000000000E+0000
 7.25490196078E-0008  7.36697364805E-0002  4.26330263519E-0001 -2.57366973648E+0000 -4.57366973648E+0000 -2.99999977007E+0000 -3.99898077529E+0000  5.20886552112E+0019  1.52137682879E+0017  0.00000000000E+0000  0.00000000000E+0000  0.00000000000E+0000  0.00000000000E+0000  1.00000000000E-0007  1.00000000000E-0008  0.00000000000E+0000  0.00000000000E+0000  3.94348357523E+0021  0.00000000000E+0000  0.00000000000E+0000  0.00000000000E+0000  0.00000000000E+0000  6.86126187636E-0005  2.25189974207E-0005  9.11316161843E-0005  1.00000000000E+0000
 7.45098039216E-0008  6.82103576169E-0002  4.31789642383E-0001 -2.56821035762E+0000 -4.56821035762E+0000 -2.99999993372E+0000 -3.99914325290E+0000  4.20217794998E+0019  1.89792222652E+0017  0.00000000000E+0000  0.00000000000E+0000  0.00000000000E+0000  0.00000000000E+0000  1.00000000000E-0007  1.00000000000E-0008  0.00000000000E+0000  0.00000000000E+0000  3.96874271064E+0021  0.00000000000E+0000  0.00000000000E+0000  0.00000000000E+0000  0.00000000000E+0000  6.73658110047E-0005  2.37658051797E-0005  9.11316161844E-0005  1.00000000000E+0000
 7.64705882353E-0008  6.27517063245E-0002  4.37248293675E-0001 -2.56275170632E+0000 -4.56275170632E+0000 -3.00000013641E+0000 -3.99928077325E+0000  3.39013893243E+0019  2.36527279418E+0017  0.00000000000E+0000  0.00000000000E+0000  0.00000000000E+0000  0.00000000000E+0000  1.00000000000E-0007  1.00000000000E-0008  0.00000000000E+0000  0.00000000000E+0000  3.99023824243E+0021  0.00000000000E+0000  0.00000000000E+0000  0.00000000000E+0000  0.00000000000E+0000  6.61122502769E-0005  2.50193659076E-0005  9.11316161845E-0005  1.00000000000E+0000
 7.84313725490E-0008  5.72936405550E-0002  4.42706359445E-0001 -2.55729364056E+0000 -4.55729364056E+0000 -3.00000038647E+0000 -3.99939698914E+0000  2.73507819362E+0019  2.94516819110E+0017  0.00000000000E+0000  0.00000000000E+0000  0.00000000000E+0000  0.00000000000E+0000  1.00000000000E-0007  1.00000000000E-0008  0.00000000000E+0000  0.00000000000E+0000  4.00848203763E+0021  0.00000000000E+0000  0.00000000000E+0000  0.00000000000E+0000  0.00000000000E+0000  6.48529581357E-0005  2.62786580489E-0005  9.11316161846E-0005  1.00000000000E+0000
 8.03921568627E-0008  5.18360453671E-0002  4.48163954633E-0001 -2.55183604537E+0000 -4.55183604537E+0000 -3.00000069401E+0000 -3.99949505355E+0000  2.20662764447E+0019  3.66455153863E+0017  0.00000000000E+0000  0.00000000000E+0000  0.00000000000E+0000  0.00000000000E+0000  1.00000000000E-0007  1.00000000000E-0008  0.00000000000E+0000  0.00000000000E+0000  4.02392597076E+0021  0.00000000000E+0000  0.00000000000E+0000  0.00000000000E+0000  0.00000000000E+0000  6.35888141768E-0005  2.75428020078E-0005  9.11316161846E-0005  1.00000000000E+0000
 8.23529411765E-0008  4.63788275978E-0002  4.53621172402E-0001 -2.54637882760E+0000 -4.54637882760E+0000 -3.00000107125E+0000 -3.99957768158E+0000  1.78030175247E+0019  4.55681513175E+0017  0.00000000000E+0000  0.00000000000E+0000  0.00000000000E+0000  0.00000000000E+0000  1.00000000000E-0007  1.00000000000E-0008  0.00000000000E+0000  0.00000000000E+0000  4.03696628784E+0021  0.00000000000E+0000  0.00000000000E+0000  0.00000000000E+0000  0.00000000000E+0000  6.23205735129E-0005  2.88110426718E-0005  9.11316161847E-0005  1.00000000000E+0000
 8.43137254902E-0008  4.09219115454E-0002  4.59078088455E-0001 -2.54092191155E+0000 -4.54092191155E+0000 -3.00000153298E+0000 -3.99964720580E+0000  1.43635534617E+0019  5.66334437528E+0017  0.00000000000E+0000  0.00000000000E+0000  0.00000000000E+0000  0.00000000000E+0000  1.00000000000E-0007  1.00000000000E-0008  0.00000000000E+0000  0.00000000000E+0000  4.04794832388E+0021  0.00000000000E+0000  0.00000000000E+0000  0.00000000000E+0000  0.00000000000E+0000  6.10488827669E-0005  3.00827334178E-0005  9.11316161847E-0005  1.00000000000E+0000
 8.62745098039E-0008  3.54652354640E-0002  4.64534764536E-0001 -2.53546523546E+0000 -4.53546523546E+0000 -3.00000209704E+0000 -3.99970562568E+0000  1.15886413466E+0019  7.03543135765E+0017  0.00000000000E+0000  0.00000000000E+0000  0.00000000000E+0000  0.00000000000E+0000  1.00000000000E-0007  1.00000000000E-0008  0.00000000000E+0000  0.00000000000E+0000  4.05717131167E+0021  0.00000000000E+0000  0.00000000000E+0000  0.00000000000E+0000  0.00000000000E+0000  5.97742945561E-0005  3.13573216287E-0005  9.11316161847E-0005  1.00000000000E+0000
 8.82352941176E-0008  3.00087487039E-0002  4.69991251296E-0001 -2.53000874870E+0000 -4.53000874870E+0000 -3.00000278502E+0000 -3.99975465134E+0000  9.34984188529E+0018  8.73664658265E+0017  0.00000000000E+0000  0.00000000000E+0000  0.00000000000E+0000  0.00000000000E+0000  1.00000000000E-0007  1.00000000000E-0008  0.00000000000E+0000  0.00000000000E+0000  4.06489309234E+0021  0.00000000000E+0000  0.00000000000E+0000  0.00000000000E+0000  0.00000000000E+0000  5.84972804948E-0005  3.26343356899E-0005  9.11316161847E-0005  1.00000000000E+0000
 9.01960784314E-0008  2.45524093674E-0002  4.75447590633E-0001 -2.52455240937E+0000 -4.52455240937E+0000 -3.00000362296E+0000 -3.99979574233E+0000  7.54355337770E+0018  1.08457785909E+0018  0.00000000000E+0000  0.00000000000E+0000  0.00000000000E+0000  0.00000000000E+0000  1.00000000000E-0007  1.00000000000E-0008  0.00000000000E+0000  0.00000000000E+0000  4.07133459632E+0021  0.00000000000E+0000  0.00000000000E+0000  0.00000000000E+0000  0.00000000000E+0000  5.72182427909E-0005  3.39133733939E-0005  9.11316161848E-0005  1.00000000000E+0000
 9.21568627451E-0008  1.90961823699E-0002  4.80903817630E-0001 -2.51909618237E+0000 -4.51909618237E+0000 -3.00000464226E+0000 -3.99983014182E+0000  6.08620378370E+0018  1.34604775017E+0018  0.00000000000E+0000  0.00000000000E+0000  0.00000000000E+0000  0.00000000000E+0000  1.00000000000E-0007  1.00000000000E-0008  0.00000000000E+0000  0.00000000000E+0000  4.07668400828E+0021  0.00000000000E+0000  0.00000000000E+0000  0.00000000000E+0000  0.00000000000E+0000  5.59375245324E-0005  3.51940916523E-0005  9.11316161848E-0005  1.00000000000E+0000
 9.41176470588E-0008  1.36400378165E-0002  4.86359962183E-0001 -2.51364003782E+0000 -4.51364003782E+0000 -3.00000588077E+0000 -3.99985890652E+0000  4.91037517167E+0018  1.67017711180E+0018  0.00000000000E+0000  0.00000000000E+0000  0.00000000000E+0000  0.00000000000E+0000  1.00000000000E-0007  1.00000000000E-0008  0.00000000000E+0000  0.00000000000E+0000  4.08110056406E+0021  0.00000000000E+0000  0.00000000000E+0000  0.00000000000E+0000  0.00000000000E+0000  5.46554187827E-0005  3.64761974021E-0005  9.11316161848E-0005  1.00000000000E+0000
 9.60784313725E-0008  8.18394961898E-0003  4.91816050381E-0001 -2.50818394962E+0000 -4.50818394962E+0000 -3.00000738408E+0000 -3.99988293303E+0000  3.96167914904E+0018  2.07196626840E+0018  0.00000000000E+0000  0.00000000000E+0000  0.00000000000E+0000  0.00000000000E+0000  1.00000000000E-0007  1.00000000000E-0008  0.00000000000E+0000  0.00000000000E+0000  4.08471795239E+0021  0.00000000000E+0000  0.00000000000E+0000  0.00000000000E+0000  0.00000000000E+0000  5.33721766056E-0005  3.77594395792E-0005  9.11316161848E-0005  1.00000000000E+0000
 9.80392156863E-0008  2.72789428864E-0003  4.97272105711E-0001 -2.50272789429E+0000 -4.50272789429E+0000 -3.00000920704E+0000 -3.99990298065E+0000  3.19623737051E+0018  2.57000695535E+0018  0.00000000000E+0000  0.00000000000E+0000  0.00000000000E+0000  0.00000000000E+0000  1.00000000000E-0007  1.00000000000E-0008  0.00000000000E+0000  0.00000000000E+0000  4.08764731237E+0021  0.00000000000E+0000  0.00000000000E+0000  0.00000000000E+0000  0.00000000000E+0000  5.20880141499E-0005  3.90436020349E-0005  9.11316161848E-0005  1.00000000000E+0000
 1.00000000000E-0007 -2.72815014987E-0003  5.02728150150E-0001 -2.49727184985E+0000 -4.49727184985E+0000 -3.00001141560E+0000 -3.99991969135E+0000  2.57864970048E+0018  3.18734242697E+0018  0.00000000000E+0000  0.00000000000E+0000  0.00000000000E+0000  0.00000000000E+0000  1.00000000000E-0007  1.00000000000E-0008  0.00000000000E+0000  0.00000000000E+0000  4.08997982945E+0021  0.00000000000E+0000  0.00000000000E+0000  0.00000000000E+0000  0.00000000000E+0000  5.08031189180E-0005  4.03284972668E-0005  9.11316161848E-0005  1.00000000000E+0000
 1.01960784314E-0007 -8.18420517519E-0003  5.08184205175E-0001 -2.49181579482E+0000 -4.49181579482E+0000 -3.00001408897E+0000 -3.99993360695E+0000  2.08035548037E+0018  3.95253367978E+0018  0.00000000000E+0000  0.00000000000E+0000  0.00000000000E+0000  0.00000000000E+0000  1.00000000000E-0007  1.00000000000E-0008  0.00000000000E+0000  0.00000000000E+0000  4.09178894011E+0021  0.00000000000E+0000  0.00000000000E+0000  0.00000000000E+0000  0.00000000000E+0000  4.95176553416E-0005  4.16139608432E-0005  9.11316161848E-0005  1.00000000000E+0000
 1.03921568627E-0007 -1.36402927627E-0002  5.13640292763E-0001 -2.48635970724E+0000 -4.48635970724E+0000 -3.00001732222E+0000 -3.99994518407E+0000  1.67831174013E+0018  4.90098125338E+0018  0.00000000000E+0000  0.00000000000E+0000  0.00000000000E+0000  0.00000000000E+0000  1.00000000000E-0007  1.00000000000E-0008  0.00000000000E+0000  0.00000000000E+0000  4.09313215966E+0021  0.00000000000E+0000  0.00000000000E+0000  0.00000000000E+0000  0.00000000000E+0000  4.82317697835E-0005  4.28998464013E-0005  9.11316161848E-0005  1.00000000000E+0000
 1.05882352941E-0007 -1.90964364012E-0002  5.19096436401E-0001 -2.48090356360E+0000 -4.48090356360E+0000 -3.00002122933E+0000 -3.99995480690E+0000  1.35392698544E+0018  6.07656397755E+0018  0.00000000000E+0000  0.00000000000E+0000  0.00000000000E+0000  0.00000000000E+0000  1.00000000000E-0007  1.00000000000E-0008  0.00000000000E+0000  0.00000000000E+0000  4.09405254860E+0021  0.00000000000E+0000  0.00000000000E+0000  0.00000000000E+0000  0.00000000000E+0000  4.69455950789E-0005  4.41860211059E-0005  9.11316161848E-0005  1.00000000000E+0000
 1.07843137255E-0007 -2.45526621791E-0002  5.24552662179E-0001 -2.47544733782E+0000 -4.47544733782E+0000 -3.00002594680E+0000 -3.99996279829E+0000  1.09220109867E+0018  7.53367082694E+0018  0.00000000000E+0000  0.00000000000E+0000  0.00000000000E+0000  0.00000000000E+0000  1.00000000000E-0007  1.00000000000E-0008  0.00000000000E+0000  0.00000000000E+0000  4.09457983261E+0021  0.00000000000E+0000  0.00000000000E+0000  0.00000000000E+0000  0.00000000000E+0000  4.56592547245E-0005  4.54723614604E-0005  9.11316161848E-0005  1.00000000000E+0000
 1.09803921569E-0007 -3.00089999916E-0002  5.30008999992E-0001 -2.46999100001E+0000 -4.46999100001E+0000 -3.00003163792E+0000 -3.99996942911E+0000  8.81031479773E+0017  9.33972043295E+0018  0.00000000000E+0000  0.00000000000E+0000  0.00000000000E+0000  0.00000000000E+0000  1.00000000000E-0007  1.00000000000E-0008  0.00000000000E+0000  0.00000000000E+0000  4.09473118926E+0021  0.00000000000E+0000  0.00000000000E+0000  0.00000000000E+0000  0.00000000000E+0000  4.43728668203E-0005  4.67587493646E-0005  9.11316161848E-0005  1.00000000000E+0000
 1.11764705882E-0007 -3.54654849235E-0002  5.35465484924E-0001 -2.46453451508E+0000 -4.46453451508E+0000 -3.00003849783E+0000 -3.99997492638E+0000  7.10653277226E+0017  1.15782856769E+0019  0.00000000000E+0000  0.00000000000E+0000  0.00000000000E+0000  0.00000000000E+0000  1.00000000000E-0007  1.00000000000E-0008  0.00000000000E+0000  0.00000000000E+0000  4.09451171143E+0021  0.00000000000E+0000  0.00000000000E+0000  0.00000000000E+0000  0.00000000000E+0000  4.30865478665E-0005  4.80450683183E-0005  9.11316161848E-0005  1.00000000000E+0000
 1.13725490196E-0007 -4.09221588729E-0002  5.40922158873E-0001 -2.45907784113E+0000 -4.45907784113E+0000 -3.00004675940E+0000 -3.99997948009E+0000  5.73187783378E+0017  1.43529692689E+0019  0.00000000000E+0000  0.00000000000E+0000  0.00000000000E+0000  0.00000000000E+0000  1.00000000000E-0007  1.00000000000E-0008  0.00000000000E+0000  0.00000000000E+0000  4.09391455397E+0021  0.00000000000E+0000  0.00000000000E+0000  0.00000000000E+0000  0.00000000000E+0000  4.18004165139E-0005  4.93311996709E-0005  9.11316161848E-0005  1.00000000000E+0000
 1.15686274510E-0007 -4.63790724900E-0002  5.46379072490E-0001 -2.45362092751E+0000 -4.45362092751E+0000 -3.00005670020E+0000 -3.99998324908E+0000  4.62278085540E+0017  1.77922117149E+0019  0.00000000000E+0000  0.00000000000E+0000  0.00000000000E+0000  0.00000000000E+0000  1.00000000000E-0007  1.00000000000E-0008  0.00000000000E+0000  0.00000000000E+0000  4.09292076629E+0021  0.00000000000E+0000  0.00000000000E+0000  0.00000000000E+0000  0.00000000000E+0000  4.05145973665E-0005  5.06170188183E-0005  9.11316161848E-0005  1.00000000000E+0000
 1.17647058824E-0007 -5.18362875214E-0002  5.51836287521E-0001 -2.44816371248E+0000 -4.44816371248E+0000 -3.00006865064E+0000 -3.99998636602E+0000  3.72795108613E+0017  2.20552573748E+0019  0.00000000000E+0000  0.00000000000E+0000  0.00000000000E+0000  0.00000000000E+0000  1.00000000000E-0007  1.00000000000E-0008  0.00000000000E+0000  0.00000000000E+0000  4.09149880945E+0021  0.00000000000E+0000  0.00000000000E+0000  0.00000000000E+0000  0.00000000000E+0000  3.92292249366E-0005  5.19023912482E-0005  9.11316161848E-0005  1.00000000000E+0000
 1.19607843137E-0007 -5.72938796694E-0002  5.57293879669E-0001 -2.44270612033E+0000 -4.44270612033E+0000 -3.00008300345E+0000 -3.99998894155E+0000  3.00600446336E+0017  2.73395596967E+0019  0.00000000000E+0000  0.00000000000E+0000  0.00000000000E+0000  0.00000000000E+0000  1.00000000000E-0007  1.00000000000E-0008  0.00000000000E+0000  0.00000000000E+0000  4.08960375258E+0021  0.00000000000E+0000  0.00000000000E+0000  0.00000000000E+0000  0.00000000000E+0000  3.79444478518E-0005  5.31871683330E-0005  9.11316161848E-0005  1.00000000000E+0000
 1.21568627451E-0007 -6.27519420980E-0002  5.62751942098E-0001 -2.43724805790E+0000 -4.43724805790E+0000 -3.00010022475E+0000 -3.99999106790E+0000  2.42355008130E+0017  3.38899760726E+0019  0.00000000000E+0000  0.00000000000E+0000  0.00000000000E+0000  0.00000000000E+0000  1.00000000000E-0007  1.00000000000E-0008  0.00000000000E+0000  0.00000000000E+0000  4.08717614011E+0021  0.00000000000E+0000  0.00000000000E+0000  0.00000000000E+0000  0.00000000000E+0000  3.66604334182E-0005  5.44711827666E-0005  9.11316161848E-0005  1.00000000000E+0000
 1.23529411765E-0007 -6.82105897497E-0002  5.68210589750E-0001 -2.43178941025E+0000 -4.43178941025E+0000 -3.00012086688E+0000 -3.99999282185E+0000  1.95364629558E+0017  4.20101898506E+0019  0.00000000000E+0000  0.00000000000E+0000  0.00000000000E+0000  0.00000000000E+0000  1.00000000000E-0007  1.00000000000E-0008  0.00000000000E+0000  0.00000000000E+0000  4.08414051849E+0021  0.00000000000E+0000  0.00000000000E+0000  0.00000000000E+0000  0.00000000000E+0000  3.53773726459E-0005  5.57542435389E-0005  9.11316161848E-0005  1.00000000000E+0000
 1.25490196078E-0007 -7.36699646741E-0002  5.73669964674E-0001 -2.42633003533E+0000 -4.42633003533E+0000 -3.00014558331E+0000 -3.99999426726E+0000  1.57455505211E+0017  5.20769066926E+0019  0.00000000000E+0000  0.00000000000E+0000  0.00000000000E+0000  0.00000000000E+0000  1.00000000000E-0007  1.00000000000E-0008  0.00000000000E+0000  0.00000000000E+0000  4.08040360929E+0021  0.00000000000E+0000  0.00000000000E+0000  0.00000000000E+0000  0.00000000000E+0000  3.40954858492E-0005  5.70361303355E-0005  9.11316161848E-0005  1.00000000000E+0000
 1.27450980392E-0007 -7.91302426181E-0002  5.79130242618E-0001 -2.42086975738E+0000 -4.42086975738E+0000 -3.00017514578E+0000 -3.99999545723E+0000  1.26873682789E+0017  6.45575110291E+0019  0.00000000000E+0000  0.00000000000E+0000  0.00000000000E+0000  0.00000000000E+0000  1.00000000000E-0007  1.00000000000E-0008  0.00000000000E+0000  0.00000000000E+0000  4.07585211558E+0021  0.00000000000E+0000  0.00000000000E+0000  0.00000000000E+0000  0.00000000000E+0000  3.28150289356E-0005  5.83165872492E-0005  9.11316161848E-0005  1.00000000000E+0000
 1.29411764706E-0007 -8.45916411849E-0002  5.84591641185E-0001 -2.41540835882E+0000 -4.41540835882E+0000 -3.00021046414E+0000 -3.99999643582E+0000  1.02203970373E+0017  8.00320441826E+0019  0.00000000000E+0000  0.00000000000E+0000  0.00000000000E+0000  0.00000000000E+0000  1.00000000000E-0007  1.00000000000E-0008  0.00000000000E+0000  0.00000000000E+0000  4.07035014964E+0021  0.00000000000E+0000  0.00000000000E+0000  0.00000000000E+0000  0.00000000000E+0000  3.15363005023E-0005  5.95953156824E-0005  9.11316161847E-0005  1.00000000000E+0000
 1.31372549020E-0007 -9.00544299476E-0002  5.90054429948E-0001 -2.40994557005E+0000 -4.40994557005E+0000 -3.00025260904E+0000 -3.99999723962E+0000  8.23045068508E+0016  9.92205899607E+0019  0.00000000000E+0000  0.00000000000E+0000  0.00000000000E+0000  0.00000000000E+0000  1.00000000000E-0007  1.00000000000E-0008  0.00000000000E+0000  0.00000000000E+0000  4.06373627437E+0021  0.00000000000E+0000  0.00000000000E+0000  0.00000000000E+0000  0.00000000000E+0000  3.02596498633E-0005  6.08719663214E-0005  9.11316161847E-0005  1.00000000000E+0000
 1.33333333333E-0007 -9.55189429930E-0002  5.95518942993E-0001 -2.40448105701E+0000 -4.40448105701E+0000 -3.00030283788E+0000 -3.99999789896E+0000  6.62539699843E+0016  1.23017441170E+0020  0.00000000000E+0000  0.00000000000E+0000  0.00000000000E+0000  0.00000000000E+0000  1.00000000000E-0007  1.00000000000E-0008  0.00000000000E+0000  0.00000000000E+0000  4.05582015812E+0021  0.00000000000E+0000  0.00000000000E+0000  0.00000000000E+0000  0.00000000000E+0000  2.89854861266E-0005  6.21461300581E-0005  9.11316161847E-0005  1.00000000000E+0000
 1.35294117647E-0007 -1.00985594492E-0001  6.00985594492E-0001 -2.39901440551E+0000 -4.39901440551E+0000 -3.00036262455E+0000 -3.99999843896E+0000  5.33089810566E+0016  1.52533792102E+0020  0.00000000000E+0000  0.00000000000E+0000  0.00000000000E+0000  0.00000000000E+0000  1.00000000000E-0007  1.00000000000E-0008  0.00000000000E+0000  0.00000000000E+0000  4.04637885358E+0021  0.00000000000E+0000  0.00000000000E+0000  0.00000000000E+0000  0.00000000000E+0000  2.77142884405E-0005  6.34173277442E-0005  9.11316161846E-0005  1.00000000000E+0000
 1.37254901961E-0007 -1.06454898038E-0001  6.06454898038E-0001 -2.39354510196E+0000 -4.39354510196E+0000 -3.00043369308E+0000 -3.99999888043E+0000  4.28697365817E+0016  1.89151185969E+0020  0.00000000000E+0000  0.00000000000E+0000  0.00000000000E+0000  0.00000000000E+0000  1.00000000000E-0007  1.00000000000E-0008  0.00000000000E+0000  0.00000000000E+0000  4.03515272813E+0021  0.00000000000E+0000  0.00000000000E+0000  0.00000000000E+0000  0.00000000000E+0000  2.64466175187E-0005  6.46849986659E-0005  9.11316161846E-0005  1.00000000000E+0000
 1.39215686275E-0007 -1.11927490689E-0001  6.11927490689E-0001 -2.38807250931E+0000 -4.38807250931E+0000 -3.00051805595E+0000 -3.99999924059E+0000  3.44522780191E+0016  2.34588582276E+0020  0.00000000000E+0000  0.00000000000E+0000  0.00000000000E+0000  0.00000000000E+0000  1.00000000000E-0007  1.00000000000E-0008  0.00000000000E+0000  0.00000000000E+0000  4.02184109477E+0021  0.00000000000E+0000  0.00000000000E+0000  0.00000000000E+0000  0.00000000000E+0000  2.51831285379E-0005  6.59484876466E-0005  9.11316161845E-0005  1.00000000000E+0000
 1.41176470588E-0007 -1.17404162870E-0001  6.17404162870E-0001 -2.38259583713E+0000 -4.38259583713E+0000 -3.00061805740E+0000 -3.99999953367E+0000  2.76661173656E+0016  2.90986753841E+0020  0.00000000000E+0000  0.00000000000E+0000  0.00000000000E+0000  0.00000000000E+0000  1.00000000000E-0007  1.00000000000E-0008  0.00000000000E+0000  0.00000000000E+0000  4.00609762301E+0021  0.00000000000E+0000  0.00000000000E+0000  0.00000000000E+0000  0.00000000000E+0000  2.39245854768E-0005  6.72070307077E-0005  9.11316161845E-0005  1.00000000000E+0000
 1.43137254902E-0007 -1.22885895616E-0001  6.22885895616E-0001 -2.37711410438E+0000 -4.37711410438E+0000 -3.00073642233E+0000 -3.99999977142E+0000  2.21961841553E+0016  3.61014858108E+0020  0.00000000000E+0000  0.00000000000E+0000  0.00000000000E+0000  0.00000000000E+0000  1.00000000000E-0007  1.00000000000E-0008  0.00000000000E+0000  0.00000000000E+0000  3.98752564592E+0021  0.00000000000E+0000  0.00000000000E+0000  0.00000000000E+0000  0.00000000000E+0000  2.26718769298E-0005  6.84597392546E-0005  9.11316161844E-0005  1.00000000000E+0000
 1.45098039216E-0007 -1.28373906999E-0001  6.28373906999E-0001 -2.37162609300E+0000 -4.37162609300E+0000 -3.00087631156E+0000 -3.99999996355E+0000  1.77882592043E+0016  4.48005571910E+0020  0.00000000000E+0000  0.00000000000E+0000  0.00000000000E+0000  0.00000000000E+0000  1.00000000000E-0007  1.00000000000E-0008  0.00000000000E+0000  0.00000000000E+0000  3.96567352727E+0021  0.00000000000E+0000  0.00000000000E+0000  0.00000000000E+0000  0.00000000000E+0000  2.14260333758E-0005  6.97055828085E-0005  9.11316161843E-0005  1.00000000000E+0000
 1.47058823529E-0007 -1.33869710101E-0001  6.33869710101E-0001 -2.36613028990E+0000 -4.36613028990E+0000 -3.00104138410E+0000 -4.00000011806E+0000  1.42372216529E+0016  5.56127309932E+0020  0.00000000000E+0000  0.00000000000E+0000  0.00000000000E+0000  0.00000000000E+0000  1.00000000000E-0007  1.00000000000E-0008  0.00000000000E+0000  0.00000000000E+0000  3.94003030860E+0021  0.00000000000E+0000  0.00000000000E+0000  0.00000000000E+0000  0.00000000000E+0000  2.01882458149E-0005  7.09433703692E-0005  9.11316161841E-0005  1.00000000000E+0000
 1.49019607843E-0007 -1.39375185512E-0001  6.39375185512E-0001 -2.36062481449E+0000 -4.36062481449E+0000 -3.00123586757E+0000 -4.00000024156E+0000  1.13775659316E+0016  6.90605031271E+0020  0.00000000000E+0000  0.00000000000E+0000  0.00000000000E+0000  0.00000000000E+0000  1.00000000000E-0007  1.00000000000E-0008  0.00000000000E+0000  0.00000000000E+0000  3.91002192294E+0021  0.00000000000E+0000  0.00000000000E+0000  0.00000000000E+0000  0.00000000000E+0000  1.89598855943E-0005  7.21717305896E-0005  9.11316161840E-0005  1.00000000000E+0000
 1.50980392157E-0007 -1.44892672212E-0001  6.44892672212E-0001 -2.35510732779E+0000 -4.35510732779E+0000 -3.00146463793E+0000 -4.00000033948E+0000  9.07575022641E+0015  8.58005382751E+0020  0.00000000000E+0000  0.00000000000E+0000  0.00000000000E+0000  0.00000000000E+0000  1.00000000000E-0007  1.00000000000E-0008  0.00000000000E+0000  0.00000000000E+0000  3.87500833652E+0021  0.00000000000E+0000  0.00000000000E+0000  0.00000000000E+0000  0.00000000000E+0000  1.77425251322E-0005  7.33890910516E-0005  9.11316161838E-0005  1.00000000000E+0000
 1.52941176471E-0007 -1.50425081786E-0001  6.50425081786E-0001 -2.34957491821E+0000 -4.34957491821E+0000 -3.00173331034E+0000 -4.00000041627E+0000  7.22402269488E+0015  1.06660806328E+0021  0.00000000000E+0000  0.00000000000E+0000  0.00000000000E+0000  0.00000000000E+0000  1.00000000000E-0007  1.00000000000E-0008  0.00000000000E+0000  0.00000000000E+0000  3.83428206163E+0021  0.00000000000E+0000  0.00000000000E+0000  0.00000000000E+0000  0.00000000000E+0000  1.65379591089E-0005  7.45936570747E-0005  9.11316161835E-0005  1.00000000000E+0000
 1.54901960784E-0007 -1.55976042431E-0001  6.55976042431E-0001 -2.34402395757E+0000 -4.34402395757E+0000 -3.00204834340E+0000 -4.00000047558E+0000  5.73544000831E+0015  1.32689431489E+0021  0.00000000000E+0000  0.00000000000E+0000  0.00000000000E+0000  0.00000000000E+0000  1.00000000000E-0007  1.00000000000E-0008  0.00000000000E+0000  0.00000000000E+0000  3.78706856750E+0021  0.00000000000E+0000  0.00000000000E+0000  0.00000000000E+0000  0.00000000000E+0000  1.53482255287E-0005  7.57833906545E-0005  9.11316161832E-0005  1.00000000000E+0000
 1.56862745098E-0007 -1.61550081253E-0001  6.61550081253E-0001 -2.33844991875E+0000 -4.33844991875E+0000 -3.00241716006E+0000 -4.00000052039E+0000  4.53984791964E+0015  1.65219694664E+0021  0.00000000000E+0000  0.00000000000E+0000  0.00000000000E+0000  0.00000000000E+0000  1.00000000000E-0007  1.00000000000E-0008  0.00000000000E+0000  0.00000000000E+0000  3.73252919586E+0021  0.00000000000E+0000  0.00000000000E+0000  0.00000000000E+0000  0.00000000000E+0000  1.41756258664E-0005  7.69559903164E-0005  9.11316161828E-0005  1.00000000000E+0000
 1.58823529412E-0007 -1.67152856166E-0001  6.67152856166E-0001 -2.33284714383E+0000 -4.33284714383E+0000 -3.00284828971E+0000 -4.00000055314E+0000  3.58063803412E+0015  2.05957687571E+0021  0.00000000000E+0000  0.00000000000E+0000  0.00000000000E+0000  0.00000000000E+0000  1.00000000000E-0007  1.00000000000E-0008  0.00000000000E+0000  0.00000000000E+0000  3.66976725455E+0021  0.00000000000E+0000  0.00000000000E+0000  0.00000000000E+0000  0.00000000000E+0000  1.30227432987E-0005  7.81088728836E-0005  9.11316161823E-0005  1.00000000000E+0000
 1.60784313725E-0007 -1.72791452623E-0001  6.72791452623E-0001 -2.32720854738E+0000 -4.32720854738E+0000 -3.00335153824E+0000 -4.00000057576E+0000  2.81213084625E+0015  2.57102315048E+0021  0.00000000000E+0000  0.00000000000E+0000  0.00000000000E+0000  0.00000000000E+0000  1.00000000000E-0007  1.00000000000E-0008  0.00000000000E+0000  0.00000000000E+0000  3.59783800439E+0021  0.00000000000E+0000  0.00000000000E+0000  0.00000000000E+0000  0.00000000000E+0000  1.18924577986E-0005  7.92391583831E-0005  9.11316161817E-0005  1.00000000000E+0000
 1.62745098039E-0007 -1.78474766071E-0001  6.78474766071E-0001 -2.32152523393E+0000 -4.32152523393E+0000 -3.00393819530E+0000 -4.00000058978E+0000  2.19746406114E+0015  3.21512415510E+0021  0.00000000000E+0000  0.00000000000E+0000  0.00000000000E+0000  0.00000000000E+0000  1.00000000000E-0007  1.00000000000E-0008  0.00000000000E+0000  0.00000000000E+0000  3.51576325581E+0021  0.00000000000E+0000  0.00000000000E+0000  0.00000000000E+0000  0.00000000000E+0000  1.07879566440E-0005  8.03436595369E-0005  9.11316161809E-0005  1.00000000000E+0000
 1.64705882353E-0007 -1.84213999177E-0001  6.84213999177E-0001 -2.31578600082E+0000 -4.31578600082E+0000 -3.00462129307E+0000 -4.00000059638E+0000  1.70688857908E+0015  4.02943999115E+0021  0.00000000000E+0000  0.00000000000E+0000  0.00000000000E+0000  0.00000000000E+0000  1.00000000000E-0007  1.00000000000E-0008  0.00000000000E+0000  0.00000000000E+0000  3.42255123730E+0021  0.00000000000E+0000  0.00000000000E+0000  0.00000000000E+0000  0.00000000000E+0000  9.71273868470E-0006  8.14188774953E-0005  9.11316161800E-0005  1.00000000000E+0000
 1.66666666667E-0007 -1.90023315102E-0001  6.90023315102E-0001 -2.30997668490E+0000 -4.30997668490E+0000 -3.00541593691E+0000 -4.00000059642E+0000  1.31639337090E+0015  5.06394280559E+0021  0.00000000000E+0000  0.00000000000E+0000  0.00000000000E+0000  0.00000000000E+0000  1.00000000000E-0007  1.00000000000E-0008  0.00000000000E+0000  0.00000000000E+0000  3.31722226819E+0021  0.00000000000E+0000  0.00000000000E+0000  0.00000000000E+0000  0.00000000000E+0000  8.67061054390E-0006  8.24610056349E-0005  9.11316161788E-0005  1.00000000000E+0000
 1.68627450980E-0007 -1.95920706653E-0001  6.95920706653E-0001 -2.30407929335E+0000 -4.30407929335E+0000 -3.00633973903E+0000 -4.00000059041E+0000  1.00659567721E+0015  6.38612533714E+0021  0.00000000000E+0000  0.00000000000E+0000  0.00000000000E+0000  0.00000000000E+0000  1.00000000000E-0007  1.00000000000E-0008  0.00000000000E+0000  0.00000000000E+0000  3.19884054873E+0021  0.00000000000E+0000  0.00000000000E+0000  0.00000000000E+0000  0.00000000000E+0000  7.66567283269E-0006  8.34659433447E-0005  9.11316161774E-0005  1.00000000000E+0000
 1.70588235294E-0007 -2.01929170161E-0001  7.01929170161E-0001 -2.29807082984E+0000 -4.29807082984E+0000 -3.00741340234E+0000 -4.00000057852E+0000  7.61845233394E+0014  8.08878876045E+0021  0.00000000000E+0000  0.00000000000E+0000  0.00000000000E+0000  0.00000000000E+0000  1.00000000000E-0007  1.00000000000E-0008  0.00000000000E+0000  0.00000000000E+0000  3.06655206117E+0021  0.00000000000E+0000  0.00000000000E+0000  0.00000000000E+0000  0.00000000000E+0000  6.70229445771E-0006  8.44293217178E-0005  9.11316161755E-0005  1.00000000000E+0000
 1.72549019608E-0007 -2.08078319548E-0001  7.08078319548E-0001 -2.29192168045E+0000 -4.29192168045E+0000 -3.00866152784E+0000 -4.00000056053E+0000  5.69501117985E+0014  1.03022685976E+0022  0.00000000000E+0000  0.00000000000E+0000  0.00000000000E+0000  0.00000000000E+0000  1.00000000000E-0007  1.00000000000E-0008  0.00000000000E+0000  0.00000000000E+0000  2.91962815484E+0021  0.00000000000E+0000  0.00000000000E+0000  0.00000000000E+0000  0.00000000000E+0000  5.78507323620E-0006  8.53465429372E-0005  9.11316161734E-0005  1.00000000000E+0000
 1.74509803922E-0007 -2.14406653214E-0001  7.14406653214E-0001 -2.28559334679E+0000 -4.28559334679E+0000 -3.01011376229E+0000 -4.00000053563E+0000  4.19347805484E+0014  1.32142719295E+0022  0.00000000000E+0000  0.00000000000E+0000  0.00000000000E+0000  0.00000000000E+0000  1.00000000000E-0007  1.00000000000E-0008  0.00000000000E+0000  0.00000000000E+0000  2.75751388461E+0021  0.00000000000E+0000  0.00000000000E+0000  0.00000000000E+0000  0.00000000000E+0000  4.91878132524E-0006  8.62128348454E-0005  9.11316161707E-0005  1.00000000000E+0000
 1.76470588235E-0007 -2.20964818766E-0001  7.20964818766E-0001 -2.27903518123E+0000 -4.27903518123E+0000 -3.01180647775E+0000 -4.00000050217E+0000  3.03123443062E+0014  1.71032964489E+0022  0.00000000000E+0000  0.00000000000E+0000  0.00000000000E+0000  0.00000000000E+0000  1.00000000000E-0007  1.00000000000E-0008  0.00000000000E+0000  0.00000000000E+0000  2.57987962247E+0021  0.00000000000E+0000  0.00000000000E+0000  0.00000000000E+0000  0.00000000000E+0000  4.10829443679E-0006  8.70233217308E-0005  9.11316161675E-0005  1.00000000000E+0000
 1.78431372549E-0007 -2.27820456851E-0001  7.27820456851E-0001 -2.27217954315E+0000 -4.27217954315E+0000 -3.01378530873E+0000 -4.00000045705E+0000  2.14138563023E+0014  2.23974261465E+0022  0.00000000000E+0000  0.00000000000E+0000  0.00000000000E+0000  0.00000000000E+0000  1.00000000000E-0007  1.00000000000E-0008  0.00000000000E+0000  0.00000000000E+0000  2.38667393840E+0021  0.00000000000E+0000  0.00000000000E+0000  0.00000000000E+0000  0.00000000000E+0000  3.35850443990E-0006  8.77731117242E-0005  9.11316161641E-0005  1.00000000000E+0000
 1.80392156863E-0007 -2.35065646691E-0001  7.35065646691E-0001 -2.26493435331E+0000 -4.26493435331E+0000 -3.01610912540E+0000 -4.00000039451E+0000  1.46967629742E+0014  2.97831793361E+0022  0.00000000000E+0000  0.00000000000E+0000  0.00000000000E+0000  0.00000000000E+0000  1.00000000000E-0007  1.00000000000E-0008  0.00000000000E+0000  0.00000000000E+0000  2.17817535632E+0021  0.00000000000E+0000  0.00000000000E+0000  0.00000000000E+0000  0.00000000000E+0000  2.67421570345E-0006  8.84574004573E-0005  9.11316161608E-0005  1.00000000000E+0000
 1.82352941176E-0007 -2.42828846491E-0001  7.42828846491E-0001 -2.25717115351E+0000 -4.25717115351E+0000 -3.01885652594E+0000 -4.00000030335E+0000  9.71991959583E+0013  4.04196912828E+0022  0.00000000000E+0000  0.00000000000E+0000  0.00000000000E+0000  0.00000000000E+0000  1.00000000000E-0007  1.00000000000E-0008  0.00000000000E+0000  0.00000000000E+0000  1.95504049815E+0021  0.00000000000E+0000  0.00000000000E+0000  0.00000000000E+0000  0.00000000000E+0000  2.06002631401E-0006  8.90715898450E-0005  9.11316161590E-0005  1.00000000000E+0000
 1.84313725490E-0007 -2.51295053936E-0001  7.51295053936E-0001 -2.24870494606E+0000 -4.24870494606E+0000 -3.02213701175E+0000 -4.00000016005E+0000  6.12331672029E+0013  5.63928374038E+0022  0.00000000000E+0000  0.00000000000E+0000  0.00000000000E+0000  0.00000000000E+0000  1.00000000000E-0007  1.00000000000E-0008  0.00000000000E+0000  0.00000000000E+0000  1.71834658261E+0021  0.00000000000E+0000  0.00000000000E+0000  0.00000000000E+0000  0.00000000000E+0000  1.52019594251E-0006  8.96114202205E-0005  9.11316161630E-0005  1.00000000000E+0000
 1.86274509804E-0007 -2.60742085196E-0001  7.60742085196E-0001 -2.23925791480E+0000 -4.23925791480E+0000 -3.02611153201E+0000 -3.99999990940E+0000  3.61158753501E+0013  8.17728398939E+0022  0.00000000000E+0000  0.00000000000E+0000  0.00000000000E+0000  0.00000000000E+0000  1.00000000000E-0007  1.00000000000E-0008  0.00000000000E+0000  0.00000000000E+0000  1.46962766807E+0021  0.00000000000E+0000  0.00000000000E+0000  0.00000000000E+0000  0.00000000000E+0000  1.05850232490E-0006  9.00731138593E-0005  9.11316161842E-0005  1.00000000000E+0000
 1.88235294118E-0007 -2.71611367092E-0001  7.71611367092E-0001 -2.22838863291E+0000 -4.22838863291E+0000 -3.03103366018E+0000 -3.99999940051E+0000  1.94054547138E+0013  1.25396952241E+0023  0.00000000000E+0000  0.00000000000E+0000  0.00000000000E+0000  0.00000000000E+0000  1.00000000000E-0007  1.00000000000E-0008  0.00000000000E+0000  0.00000000000E+0000  1.21090730292E+0021  0.00000000000E+0000  0.00000000000E+0000  0.00000000000E+0000  0.00000000000E+0000  6.78087485544E-0007  9.04535287765E-0005  9.11316162621E-0005  1.00000000000E+0000
 1.90196078431E-0007 -2.84661640812E-0001  7.84661640812E-0001 -2.21533835919E+0000 -4.21533835919E+0000 -3.03734468576E+0000 -3.99999940922E+0000  9.06072396201E+0012  2.09523597347E+0023  0.00000000000E+0000  0.00000000000E+0000  0.00000000000E+0000  0.00000000000E+0000  1.00000000000E-0007  1.00000000000E-0008  0.00000000000E+0000  0.00000000000E+0000  9.44704393695E+0020  0.00000000000E+0000  0.00000000000E+0000  0.00000000000E+0000  0.00000000000E+0000  3.81302116999E-0007  9.07503144339E-0005  9.11316165509E-0005  1.00000000000E+0000
 1.92156862745E-0007 -3.01356096023E-0001  8.01356096023E-0001 -2.19864390398E+0000 -4.19864390398E+0000 -3.04592331855E+0000 -3.99999945502E+0000  3.35279709650E+0012  4.04050193179E+0023  0.00000000000E+0000  0.00000000000E+0000  0.00000000000E+0000  0.00000000000E+0000  1.00000000000E-0007  1.00000000000E-0008  0.00000000000E+0000  0.00000000000E+0000  6.74128493680E+0020  0.00000000000E+0000  0.00000000000E+0000  0.00000000000E+0000  0.00000000000E+0000  1.69520024337E-0007  9.09620978808E-0005  9.11316179052E-0005  1.00000000000E+0000
 1.94117647059E-0007 -3.25078075841E-0001  8.25078075841E-0001 -2.17492192416E+0000 -4.17492192416E+0000 -3.05900992149E+0000 -3.99999999994E+0000  7.88104355299E+0011  1.02731049728E+0024  0.00000000000E+0000  0.00000000000E+0000  0.00000000000E+0000  0.00000000000E+0000  1.00000000000E-0007  1.00000000000E-0008  0.00000000000E+0000  0.00000000000E+0000  4.02889126983E+0020  0.00000000000E+0000  0.00000000000E+0000  0.00000000000E+0000  0.00000000000E+0000  4.29496401702E-0008  9.10886794910E-0005  9.11316291312E-0005  1.00000000000E+0000
 1.96078431373E-0007 -3.66667761009E-0001  8.66667761009E-0001 -2.13333223899E+0000 -4.13333223899E+0000 -3.08666242520E+0000 -4.00000000000E+0000  5.17222063275E+0010  5.27477293486E+0024  0.00000000000E+0000  0.00000000000E+0000  0.00000000000E+0000  0.00000000000E+0000  1.00000000000E-0007  1.00000000000E-0008  0.00000000000E+0000  0.00000000000E+0000  1.35762837118E+0020  0.00000000000E+0000  0.00000000000E+0000  0.00000000000E+0000  0.00000000000E+0000  2.98813183924E-0010  9.11318679913E-0005  9.11321668044E-0005  1.00000000000E+0000
 1.98039215686E-0007 -5.00000000000E-0001  1.00000000000E+0000 -2.00000000000E+0000 -4.00000000000E+0000 -4.00000000000E+0000 -4.00000000000E+0000  6.80418492083E-0008  1.00000000000E+0027  0.00000000000E+0000  0.00000000000E+0000  0.00000000000E+0000  0.00000000000E+0000  1.00000000000E-0007  1.00000000000E-0008  0.00000000000E+0000  0.00000000000E+0000  0.00000000000E+0000  0.00000000000E+0000  0.00000000000E+0000  0.00000000000E+0000  0.00000000000E+0000  2.98813183924E-0010  9.11318679913E-0005  9.11321668044E-0005  1.00000000000E+0000
