 t Vext Jext convIndex P Jphoto Jdir JBulkSRHn JBulkSHRp JIntLeftn JIntLeftp JIntRightn JintRightp JminLeft JminRight JShunt Jdndt Jdpdt Jnion Jpion JD
  0.00000000000000000000E+0000  -2.00000000000000000000E+0000  -6.18420552482775889080E+0002 1   0.00000000000000000000E+0000   6.34534653465346535794E+0002   2.63814972471966430683E-0004   0.00000000000000000000E+0000   0.00000000000000000000E+0000   0.00000000000000000000E+0000   0.00000000000000000000E+0000   0.00000000000000000000E+0000   0.00000000000000000000E+0000   2.83855190041209975776E+0000   2.83881008201500675521E+0000   0.00000000000000000000E+0000   0.00000000000000000000E+0000   0.00000000000000000000E+0000   0.00000000000000000000E+0000   0.00000000000000000000E+0000   0.00000000000000000000E+0000
  1.04761575300000000002E-0008  -2.00000000000000000000E+0000  -4.23965557296779878227E+0002 1   0.00000000000000000000E+0000   0.00000000000000000000E+0000   9.34860755169585714858E-0005   0.00000000000000000000E+0000   0.00000000000000000000E+0000   0.00000000000000000000E+0000   0.00000000000000000000E+0000   0.00000000000000000000E+0000   0.00000000000000000000E+0000   2.21263262473087083662E-0001   2.21295776014821382241E-0001   0.00000000000000000000E+0000  -4.90889308782951247878E+0002  -4.90889167164513758351E+0002   0.00000000000000000000E+0000   0.00000000000000000000E+0000   2.34925456170633146016E-0005
  1.32194114799999999999E-0008  -2.00000000000000000000E+0000  -3.77416283217776569792E+0002 1   0.00000000000000000000E+0000   0.00000000000000000000E+0000   6.49950136787257304285E-0005   0.00000000000000000000E+0000   0.00000000000000000000E+0000   0.00000000000000000000E+0000   0.00000000000000000000E+0000   0.00000000000000000000E+0000   0.00000000000000000000E+0000   6.35165102599887666435E-0002   6.35285084118880157591E-0002   0.00000000000000000000E+0000  -4.48698217074923862258E+0002  -4.48699981697511898066E+0002   0.00000000000000000000E+0000   0.00000000000000000000E+0000   4.52090394638722135531E-0005
  1.66810053699999999999E-0008  -2.00000000000000000000E+0000  -3.23219545354890075151E+0002 1   0.00000000000000000000E+0000   0.00000000000000000000E+0000   3.93367454925348133129E-0005   0.00000000000000000000E+0000   0.00000000000000000000E+0000   0.00000000000000000000E+0000   0.00000000000000000000E+0000   0.00000000000000000000E+0000   0.00000000000000000000E+0000   1.41014920493386988514E-0002   1.41047422923597108987E-0002   0.00000000000000000000E+0000  -4.13919747295894030953E+0002  -4.13923141714082479414E+0002   0.00000000000000000000E+0000   0.00000000000000000000E+0000   5.21915073065927189247E-0005
  2.10490414500000000005E-0008  -2.00000000000000000000E+0000  -2.62059646118747211735E+0002 1   0.00000000000000000000E+0000   0.00000000000000000000E+0000   1.95030718324108978447E-0005   0.00000000000000000000E+0000   0.00000000000000000000E+0000   0.00000000000000000000E+0000   0.00000000000000000000E+0000   0.00000000000000000000E+0000   0.00000000000000000000E+0000   2.89649516854750221442E-0003   2.89715009768414867027E-0003   0.00000000000000000000E+0000  -3.69970843423152626089E+0002  -3.69975242001805516179E+0002   0.00000000000000000000E+0000   0.00000000000000000000E+0000   5.35944135907446758682E-0005
  2.65608778299999999994E-0008  -2.00000000000000000000E+0000  -1.97244720760718625918E+0002 1   0.00000000000000000000E+0000   0.00000000000000000000E+0000   7.43825039206235858196E-0006   0.00000000000000000000E+0000   0.00000000000000000000E+0000   0.00000000000000000000E+0000   0.00000000000000000000E+0000   0.00000000000000000000E+0000   0.00000000000000000000E+0000   5.38665759724969071931E-0004   5.38732131383754605903E-0004   0.00000000000000000000E+0000  -3.10447621593624274061E+0002  -3.10454329419445117677E+0002   0.00000000000000000000E+0000   0.00000000000000000000E+0000   6.28917849941288678237E-0005
  3.35160265099999999992E-0008  -2.00000000000000000000E+0000  -1.33914365842412303592E+0002 1   0.00000000000000000000E+0000   0.00000000000000000000E+0000   2.00904605010286326946E-0006   0.00000000000000000000E+0000   0.00000000000000000000E+0000   0.00000000000000000000E+0000   0.00000000000000000000E+0000   0.00000000000000000000E+0000   0.00000000000000000000E+0000   8.81044441554029235741E-0005   8.80908701013470862652E-0005   0.00000000000000000000E+0000  -2.40175167779666451376E+0002  -2.40185058551997816720E+0002   0.00000000000000000000E+0000   0.00000000000000000000E+0000   7.45073992007232828103E-0005
  4.22924287400000000000E-0008  -2.00000000000000000000E+0000  -7.93190959339771923878E+0001 1   0.00000000000000000000E+0000   0.00000000000000000000E+0000   3.59216870758574475262E-0007   0.00000000000000000000E+0000   0.00000000000000000000E+0000   0.00000000000000000000E+0000   0.00000000000000000000E+0000   0.00000000000000000000E+0000   0.00000000000000000000E+0000   1.23317923090345435409E-0005   1.23227933733202098415E-0005   0.00000000000000000000E+0000  -1.64005857900449379658E+0002  -1.64019743872144271410E+0002   0.00000000000000000000E+0000   0.00000000000000000000E+0000   8.98182302022046560007E-0005
  5.33669923099999999984E-0008  -2.00000000000000000000E+0000  -3.95428823627861607652E+0001 1   0.00000000000000000000E+0000   0.00000000000000000000E+0000   4.02145578409587015033E-0008   0.00000000000000000000E+0000   0.00000000000000000000E+0000   0.00000000000000000000E+0000   0.00000000000000000000E+0000   0.00000000000000000000E+0000   0.00000000000000000000E+0000   1.45248464276884064132E-0006   1.44957430137721793052E-0006   0.00000000000000000000E+0000  -9.47042046848041025042E+0001  -9.47202552487798578526E+0001   0.00000000000000000000E+0000   0.00000000000000000000E+0000   9.53428937398031355922E-0005
  6.73415065800000000001E-0008  -2.00000000000000000000E+0000  -1.60363351528386086364E+0001 1   0.00000000000000000000E+0000   0.00000000000000000000E+0000   2.71276417634526824394E-0009   0.00000000000000000000E+0000   0.00000000000000000000E+0000   0.00000000000000000000E+0000   0.00000000000000000000E+0000   0.00000000000000000000E+0000   0.00000000000000000000E+0000   1.42625638063258754052E-0007   1.41718438560221743397E-0007   0.00000000000000000000E+0000  -4.43721315145991667198E+0001  -4.43861235158213212476E+0001   0.00000000000000000000E+0000   0.00000000000000000000E+0000   8.01293129105021609271E-0005
  8.49753435899999999973E-0008  -2.00000000000000000000E+0000  -5.14883734006475083040E+0000 1   0.00000000000000000000E+0000   0.00000000000000000000E+0000   1.07179623677288550220E-0010   0.00000000000000000000E+0000   0.00000000000000000000E+0000   0.00000000000000000000E+0000   0.00000000000000000000E+0000   0.00000000000000000000E+0000   0.00000000000000000000E+0000   1.16691187373908677267E-0008   1.12894076111522008640E-0008   0.00000000000000000000E+0000  -1.62927323616782989378E+0001  -1.63016279692104803841E+0001   0.00000000000000000000E+0000   0.00000000000000000000E+0000   5.07650866198563132606E-0005
  1.07226722199999999998E-0007  -2.00000000000000000000E+0000  -1.27683428990329585597E+0000 1   0.00000000000000000000E+0000   0.00000000000000000000E+0000   2.36076727400061957529E-0012   0.00000000000000000000E+0000   0.00000000000000000000E+0000   0.00000000000000000000E+0000   0.00000000000000000000E+0000   0.00000000000000000000E+0000   0.00000000000000000000E+0000   9.00239486746392927666E-0010   7.02537831180599540521E-0010   0.00000000000000000000E+0000  -4.59234570516124101895E+0000  -4.59647491039802123499E+0000   0.00000000000000000000E+0000   0.00000000000000000000E+0000   2.41781095907478920477E-0005
  1.35304777500000000005E-0007  -2.00000000000000000000E+0000  -2.42137208548936247899E-0001 1   0.00000000000000000000E+0000   0.00000000000000000000E+0000   3.44709158101488459333E-0014   0.00000000000000000000E+0000   0.00000000000000000000E+0000   0.00000000000000000000E+0000   0.00000000000000000000E+0000   0.00000000000000000000E+0000   0.00000000000000000000E+0000   1.83400467139282009537E-0010   3.73617283685754584927E-0011   0.00000000000000000000E+0000  -9.72392468060965571401E-0001  -9.73763021188595735862E-0001   0.00000000000000000000E+0000   0.00000000000000000000E+0000   8.43141280260330337732E-0006
  1.70735264700000000004E-0007  -2.00000000000000000000E+0000  -3.50028738652491222297E-0002 1   0.00000000000000000000E+0000   0.00000000000000000000E+0000   5.16571292601594838717E-0016   0.00000000000000000000E+0000   0.00000000000000000000E+0000   0.00000000000000000000E+0000   0.00000000000000000000E+0000   0.00000000000000000000E+0000   0.00000000000000000000E+0000   1.07420837253098716985E-0010   1.62934246680213308489E-0012   0.00000000000000000000E+0000  -1.54202876226716051200E-0001  -1.54558029213685498821E-0001   0.00000000000000000000E+0000   0.00000000000000000000E+0000   2.47757267704521185864E-0006
  2.15443469000000000000E-0007  -2.00000000000000000000E+0000  -3.86430267162830126371E-0003 1   0.00000000000000000000E+0000   0.00000000000000000000E+0000   1.92404805935338208280E-0017   0.00000000000000000000E+0000   0.00000000000000000000E+0000   0.00000000000000000000E+0000   0.00000000000000000000E+0000   0.00000000000000000000E+0000   0.00000000000000000000E+0000   7.40674167419215314051E-0011   5.76687145741842087566E-0014   0.00000000000000000000E+0000  -1.83536798175010889367E-0002  -1.84307708097327074880E-0002   0.00000000000000000000E+0000   0.00000000000000000000E+0000   7.12910658303016124472E-0007
  2.71858824300000000013E-0007  -2.00000000000000000000E+0000  -3.36592266123723505424E-0004 1   0.00000000000000000000E+0000   0.00000000000000000000E+0000   9.26819041471056758054E-0019   0.00000000000000000000E+0000   0.00000000000000000000E+0000   0.00000000000000000000E+0000   0.00000000000000000000E+0000   0.00000000000000000000E+0000   0.00000000000000000000E+0000   5.11156237881484533449E-0011   1.64329730811615808875E-0015   0.00000000000000000000E+0000  -1.64247611485683455679E-0003  -1.66008691352687385981E-0003   0.00000000000000000000E+0000   0.00000000000000000000E+0000   2.68367263334719232610E-0007
  3.43046928599999999991E-0007  -2.00000000000000000000E+0000  -3.11510122543796652413E-0005 1   0.00000000000000000000E+0000   0.00000000000000000000E+0000   3.73360493866347149652E-0020   0.00000000000000000000E+0000   0.00000000000000000000E+0000   0.00000000000000000000E+0000   0.00000000000000000000E+0000   0.00000000000000000000E+0000   0.00000000000000000000E+0000   3.59281720552503272644E-0011   3.68703299810137008457E-0017   0.00000000000000000000E+0000  -1.10541503674108909693E-0004  -1.16068226237352468742E-0004   0.00000000000000000000E+0000   0.00000000000000000000E+0000   1.37722303287461320666E-0007
  4.32876128099999999988E-0007  -2.00000000000000000000E+0000  -8.22502137173308641806E-0006 1   0.00000000000000000000E+0000   0.00000000000000000000E+0000   1.58498308314591901481E-0021   0.00000000000000000000E+0000   0.00000000000000000000E+0000   0.00000000000000000000E+0000   0.00000000000000000000E+0000   0.00000000000000000000E+0000   0.00000000000000000000E+0000   2.57862400436434130067E-0011  -7.80924906483635374931E-0020   0.00000000000000000000E+0000  -5.60800128971650757882E-0006  -7.87153683001934862514E-0006   0.00000000000000000000E+0000   0.00000000000000000000E+0000   8.34630997492138648192E-0008
  5.46227721800000000009E-0007  -2.00000000000000000000E+0000  -5.00485074489068768796E-0006 1   0.00000000000000000000E+0000   0.00000000000000000000E+0000   3.46070894056346194533E-0022   0.00000000000000000000E+0000   0.00000000000000000000E+0000   0.00000000000000000000E+0000   0.00000000000000000000E+0000   0.00000000000000000000E+0000   0.00000000000000000000E+0000   1.85977734705622734227E-0011  -7.58588502767944445161E-0019   0.00000000000000000000E+0000  -2.14851062150496053760E-0007  -1.28562944789844254214E-0006   0.00000000000000000000E+0000   0.00000000000000000000E+0000   5.48285239308298035268E-0008
  6.89261210399999999996E-0007  -2.00000000000000000000E+0000  -3.43871271227957412960E-0006 1   0.00000000000000000000E+0000   0.00000000000000000000E+0000   2.28111584209188075371E-0022   0.00000000000000000000E+0000   0.00000000000000000000E+0000   0.00000000000000000000E+0000   0.00000000000000000000E+0000   0.00000000000000000000E+0000   0.00000000000000000000E+0000   1.32779841239238984349E-0011  -7.69112320774334454285E-0019   0.00000000000000000000E+0000  -6.06634158114363875458E-0009  -5.72254164416298210035E-0007   0.00000000000000000000E+0000   0.00000000000000000000E+0000   3.71096387629540519680E-0008
  8.69749002599999999994E-0007  -2.00000000000000000000E+0000  -2.37369286496306146589E-0006 1   0.00000000000000000000E+0000   0.00000000000000000000E+0000   1.61359282670970903240E-0022   0.00000000000000000000E+0000   0.00000000000000000000E+0000   0.00000000000000000000E+0000   0.00000000000000000000E+0000   0.00000000000000000000E+0000   0.00000000000000000000E+0000   9.40106389379466044278E-0012  -7.68718997430311664000E-0019   0.00000000000000000000E+0000   6.81468929097111633137E-0011  -3.11729757995670335191E-0007   0.00000000000000000000E+0000   0.00000000000000000000E+0000   2.52290658080855244801E-0008
  1.09749876499999999996E-0006  -2.00000000000000000000E+0000  -1.65316265555605306973E-0006 1   0.00000000000000000000E+0000   0.00000000000000000000E+0000   1.15195231654197694325E-0022   0.00000000000000000000E+0000   0.00000000000000000000E+0000   0.00000000000000000000E+0000   0.00000000000000000000E+0000   0.00000000000000000000E+0000   0.00000000000000000000E+0000   6.70444933145050640627E-0012  -7.68624325451422157521E-0019   0.00000000000000000000E+0000   2.58984896188160959547E-0011  -1.67127585340079890878E-0007   0.00000000000000000000E+0000   0.00000000000000000000E+0000   1.73275181208451422043E-0008
  1.38488637099999999998E-0006  -2.00000000000000000000E+0000  -1.17834767204997099469E-0006 1   0.00000000000000000000E+0000   0.00000000000000000000E+0000   8.37972042714203590718E-0023   0.00000000000000000000E+0000   0.00000000000000000000E+0000   0.00000000000000000000E+0000   0.00000000000000000000E+0000   0.00000000000000000000E+0000   0.00000000000000000000E+0000   4.87294318340483046016E-0012  -7.68626615735450177490E-0019   0.00000000000000000000E+0000  -5.45268641091200161825E-0014  -8.72693646486342694715E-0008   0.00000000000000000000E+0000   0.00000000000000000000E+0000   1.22023638273171184065E-0008
  1.74752839999999999999E-0006  -2.00000000000000000000E+0000  -8.56186714414966674498E-0007 1   0.00000000000000000000E+0000   0.00000000000000000000E+0000   6.17173124553141537358E-0023   0.00000000000000000000E+0000   0.00000000000000000000E+0000   0.00000000000000000000E+0000   0.00000000000000000000E+0000   0.00000000000000000000E+0000   0.00000000000000000000E+0000   3.58666671091119241035E-0012  -7.68627815572999356584E-0019   0.00000000000000000000E+0000  -2.60484268656500144428E-0013  -4.69246386715274194022E-0008   0.00000000000000000000E+0000   0.00000000000000000000E+0000   8.79219286984108381750E-0009
  2.20513073999999999992E-0006  -2.00000000000000000000E+0000  -6.21870663860375410189E-0007 1   0.00000000000000000000E+0000   0.00000000000000000000E+0000   4.51958205122788535748E-0023   0.00000000000000000000E+0000   0.00000000000000000000E+0000   0.00000000000000000000E+0000   0.00000000000000000000E+0000   0.00000000000000000000E+0000   0.00000000000000000000E+0000   2.62572687014698617303E-0012  -7.68627822626720680809E-0019   0.00000000000000000000E+0000  -5.14786245329130782932E-0014  -2.70460480206793906849E-0008   0.00000000000000000000E+0000   0.00000000000000000000E+0000   6.35634366648180746104E-0009
  2.78255940199999999994E-0006  -2.00000000000000000000E+0000  -4.45700620279232935428E-0007 1   0.00000000000000000000E+0000   0.00000000000000000000E+0000   3.25849523240906693216E-0023   0.00000000000000000000E+0000   0.00000000000000000000E+0000   0.00000000000000000000E+0000   0.00000000000000000000E+0000   0.00000000000000000000E+0000   0.00000000000000000000E+0000   1.89253515284782815766E-0012  -7.68627801246846600945E-0019   0.00000000000000000000E+0000  -3.08847902615990366587E-0014  -1.61152510447321378922E-0008   0.00000000000000000000E+0000   0.00000000000000000000E+0000   4.53908354676464005066E-0009
  3.51119173400000000004E-0006  -2.00000000000000000000E+0000  -3.16327500981650443039E-0007 1   0.00000000000000000000E+0000   0.00000000000000000000E+0000   2.32575535872187577797E-0023   0.00000000000000000000E+0000   0.00000000000000000000E+0000   0.00000000000000000000E+0000   0.00000000000000000000E+0000   0.00000000000000000000E+0000   0.00000000000000000000E+0000   1.35057422993532190668E-0012  -7.68627799731763701266E-0019   0.00000000000000000000E+0000  -2.32138796444541484189E-0014  -9.37846975613677153378E-0009   0.00000000000000000000E+0000   0.00000000000000000000E+0000   3.21152737430472541072E-0009
  4.43062145799999999986E-0006  -2.00000000000000000000E+0000  -2.26054107184284738855E-0007 1   0.00000000000000000000E+0000   0.00000000000000000000E+0000   1.67119355699742853563E-0023   0.00000000000000000000E+0000   0.00000000000000000000E+0000   0.00000000000000000000E+0000   0.00000000000000000000E+0000   0.00000000000000000000E+0000   0.00000000000000000000E+0000   9.70347941103167116127E-0013  -7.68627799436494052553E-0019   0.00000000000000000000E+0000  -1.66893338735156146665E-0014  -5.18605506774301393294E-0009   0.00000000000000000000E+0000   0.00000000000000000000E+0000   2.28834769164503445263E-0009
  5.59081018299999999982E-0006  -2.00000000000000000000E+0000  -1.64557031364229737076E-0007 1   0.00000000000000000000E+0000   0.00000000000000000000E+0000   1.22201877372882876446E-0023   0.00000000000000000000E+0000   0.00000000000000000000E+0000   0.00000000000000000000E+0000   0.00000000000000000000E+0000   0.00000000000000000000E+0000   0.00000000000000000000E+0000   7.09433662702917422551E-0013  -7.68627798888250276609E-0019   0.00000000000000000000E+0000  -1.21359602242477430764E-0014  -2.79980650717664802428E-0009   0.00000000000000000000E+0000   0.00000000000000000000E+0000   1.66157644587028051696E-0009
  7.05480231099999999990E-0006  -2.00000000000000000000E+0000  -1.21238896322079885091E-0007 1   0.00000000000000000000E+0000   0.00000000000000000000E+0000   9.03047758967502965736E-0024   0.00000000000000000000E+0000   0.00000000000000000000E+0000   0.00000000000000000000E+0000   0.00000000000000000000E+0000   0.00000000000000000000E+0000   0.00000000000000000000E+0000   5.24151487269776586420E-0013  -7.68627798352343379234E-0019   0.00000000000000000000E+0000  -8.93923557397600141550E-0015  -1.56292381900954880427E-0009   0.00000000000000000000E+0000   0.00000000000000000000E+0000   1.22176747684902002862E-0009
  8.90215085400000000041E-0006  -2.00000000000000000000E+0000  -8.88202524521524697939E-0008 1   0.00000000000000000000E+0000   0.00000000000000000000E+0000   6.62848987527889231815E-0024   0.00000000000000000000E+0000   0.00000000000000000000E+0000   0.00000000000000000000E+0000   0.00000000000000000000E+0000   0.00000000000000000000E+0000   0.00000000000000000000E+0000   3.84660477287577081932E-0013  -7.68627797862134811927E-0019   0.00000000000000000000E+0000  -6.54889776085343451275E-0015  -9.26934592008570988586E-0010   0.00000000000000000000E+0000   0.00000000000000000000E+0000   8.93827353056138505265E-0010
  1.12332403299999999997E-0005  -2.00000000000000000000E+0000  -6.40236911828852044636E-0008 1   0.00000000000000000000E+0000   0.00000000000000000000E+0000   4.78500190172640188033E-0024   0.00000000000000000000E+0000   0.00000000000000000000E+0000   0.00000000000000000000E+0000   0.00000000000000000000E+0000   0.00000000000000000000E+0000   0.00000000000000000000E+0000   2.77653714608566706234E-0013  -7.68627797417622774725E-0019   0.00000000000000000000E+0000  -4.72063360567742618685E-0015  -5.61858552448272598624E-0010   0.00000000000000000000E+0000   0.00000000000000000000E+0000   6.43702598532533439744E-0010
  1.41747416300000000002E-0005  -2.00000000000000000000E+0000  -4.56957679736676063500E-0008 1   0.00000000000000000000E+0000   0.00000000000000000000E+0000   3.41993677261750261113E-0024   0.00000000000000000000E+0000   0.00000000000000000000E+0000   0.00000000000000000000E+0000   0.00000000000000000000E+0000   0.00000000000000000000E+0000   0.00000000000000000000E+0000   1.98448358993997078435E-0013  -7.68627797017794568148E-0019   0.00000000000000000000E+0000  -3.36922579821281174894E-0015  -3.29103822191076498852E-0010   0.00000000000000000000E+0000   0.00000000000000000000E+0000   4.59152115328865178618E-0010
  1.78864952899999999996E-0005  -2.00000000000000000000E+0000  -3.28410477395261685498E-0008 1   0.00000000000000000000E+0000   0.00000000000000000000E+0000   2.46102774198821965753E-0024   0.00000000000000000000E+0000   0.00000000000000000000E+0000   0.00000000000000000000E+0000   0.00000000000000000000E+0000   0.00000000000000000000E+0000   0.00000000000000000000E+0000   1.42815169381712470304E-0013  -7.68627796655659419662E-0019   0.00000000000000000000E+0000  -2.42134155141243547639E-0015  -1.82924966174690218547E-0010   0.00000000000000000000E+0000   0.00000000000000000000E+0000   3.29816213732628342674E-0010
  2.25701972000000000000E-0005  -2.00000000000000000000E+0000  -2.40161031467571364561E-0008 1   0.00000000000000000000E+0000   0.00000000000000000000E+0000   1.80154566628935836474E-0024   0.00000000000000000000E+0000   0.00000000000000000000E+0000   0.00000000000000000000E+0000   0.00000000000000000000E+0000   0.00000000000000000000E+0000   0.00000000000000000000E+0000   1.04546540192922105807E-0013  -7.68627796321913245355E-0019   0.00000000000000000000E+0000  -1.77064113516821015238E-0015  -9.95215881570427102570E-0011   0.00000000000000000000E+0000   0.00000000000000000000E+0000   2.41043848954823025886E-0010
  2.84803586799999999993E-0005  -2.00000000000000000000E+0000  -1.77410932512983296463E-0008 1   0.00000000000000000000E+0000   0.00000000000000000000E+0000   1.33179019656380719740E-0024   0.00000000000000000000E+0000   0.00000000000000000000E+0000   0.00000000000000000000E+0000   0.00000000000000000000E+0000   0.00000000000000000000E+0000   0.00000000000000000000E+0000   7.72800891776707380956E-0014  -7.68627796011174340754E-0019   0.00000000000000000000E+0000  -1.30799532586147099195E-0015  -5.60804965716552754204E-0011   0.00000000000000000000E+0000   0.00000000000000000000E+0000   1.77938490265521280327E-0010
  3.59381366400000000004E-0005  -2.00000000000000000000E+0000  -1.30111852354965285380E-0008 1   0.00000000000000000000E+0000   0.00000000000000000000E+0000   9.77230783924756507746E-0025   0.00000000000000000000E+0000   0.00000000000000000000E+0000   0.00000000000000000000E+0000   0.00000000000000000000E+0000   0.00000000000000000000E+0000   0.00000000000000000000E+0000   5.67005075998550097445E-0014  -7.68627795723882107434E-0019   0.00000000000000000000E+0000  -9.59286360682703426938E-0016  -3.34991953649974154071E-0011   0.00000000000000000000E+0000   0.00000000000000000000E+0000   1.30416692888071756414E-0010
  4.53487850800000000003E-0005  -2.00000000000000000000E+0000  -9.38193364671165860547E-0009 1   0.00000000000000000000E+0000   0.00000000000000000000E+0000   7.04931792815078719708E-0025   0.00000000000000000000E+0000   0.00000000000000000000E+0000   0.00000000000000000000E+0000   0.00000000000000000000E+0000   0.00000000000000000000E+0000   0.00000000000000000000E+0000   4.09010203828306540743E-0014  -7.68627795462652604735E-0019   0.00000000000000000000E+0000  -6.91726919237119507920E-0016  -2.03694223800240113477E-0011   0.00000000000000000000E+0000   0.00000000000000000000E+0000   9.40050723216873887224E-0011
  5.72236765900000000015E-0005  -2.00000000000000000000E+0000  -6.69716141565968567413E-0009 1   0.00000000000000000000E+0000   0.00000000000000000000E+0000   5.03361729972444547748E-0025   0.00000000000000000000E+0000   0.00000000000000000000E+0000   0.00000000000000000000E+0000   0.00000000000000000000E+0000   0.00000000000000000000E+0000   0.00000000000000000000E+0000   2.92093116378222174950E-0014  -7.68627795227447412847E-0019   0.00000000000000000000E+0000  -4.93785473992244175957E-0016  -1.19412904702902525032E-0011   0.00000000000000000000E+0000   0.00000000000000000000E+0000   6.70977148061499255931E-0011
  7.22080901800000000013E-0005  -2.00000000000000000000E+0000  -4.81272775996283526649E-0009 1   0.00000000000000000000E+0000   0.00000000000000000000E+0000   3.61800115964449100328E-0025   0.00000000000000000000E+0000   0.00000000000000000000E+0000   0.00000000000000000000E+0000   0.00000000000000000000E+0000   0.00000000000000000000E+0000   0.00000000000000000000E+0000   2.09987904984680184162E-0014  -7.68627795014253882261E-0019   0.00000000000000000000E+0000  -3.54842180254440192700E-0016  -6.64219316626339655780E-0012   0.00000000000000000000E+0000   0.00000000000000000000E+0000   4.82148688463418767726E-0011
  9.11162756100000000013E-0005  -2.00000000000000000000E+0000  -3.51663210097201344039E-0009 1   0.00000000000000000000E+0000   0.00000000000000000000E+0000   2.64391710394784575666E-0025   0.00000000000000000000E+0000   0.00000000000000000000E+0000   0.00000000000000000000E+0000   0.00000000000000000000E+0000   0.00000000000000000000E+0000   0.00000000000000000000E+0000   1.53477456101167588928E-0014  -7.68627794817814752685E-0019   0.00000000000000000000E+0000  -2.59279287110304362508E-0016  -3.62039818258054664756E-0012   0.00000000000000000000E+0000   0.00000000000000000000E+0000   3.52197093829849629974E-0011
  1.14975699499999999998E-0004  -2.00000000000000000000E+0000  -2.59253004673646300213E-0009 1   0.00000000000000000000E+0000   0.00000000000000000000E+0000   1.94924603971786955755E-0025   0.00000000000000000000E+0000   0.00000000000000000000E+0000   0.00000000000000000000E+0000   0.00000000000000000000E+0000   0.00000000000000000000E+0000   0.00000000000000000000E+0000   1.13163401083625474659E-0014  -7.68627794635253249724E-0019   0.00000000000000000000E+0000  -1.91146460323681814440E-0016  -2.04561349520648115699E-0012   0.00000000000000000000E+0000   0.00000000000000000000E+0000   2.59489585346914487905E-0011
  1.45082877800000000001E-0004  -2.00000000000000000000E+0000  -1.89456048503151149146E-0009 1   0.00000000000000000000E+0000   0.00000000000000000000E+0000   1.42447838344991136886E-0025   0.00000000000000000000E+0000   0.00000000000000000000E+0000   0.00000000000000000000E+0000   0.00000000000000000000E+0000   0.00000000000000000000E+0000   0.00000000000000000000E+0000   8.27084837313967741685E-0015  -7.68627794467092633922E-0019   0.00000000000000000000E+0000  -1.39688153934061133824E-0016  -1.22438259429279361259E-0012   0.00000000000000000000E+0000   0.00000000000000000000E+0000   1.89496878119760391768E-0011
  1.83073827999999999995E-0004  -2.00000000000000000000E+0000  -1.35878247912792612301E-0009 1   0.00000000000000000000E+0000   0.00000000000000000000E+0000   1.02152595505790595032E-0025   0.00000000000000000000E+0000   0.00000000000000000000E+0000   0.00000000000000000000E+0000   0.00000000000000000000E+0000   0.00000000000000000000E+0000   0.00000000000000000000E+0000   5.93305177705402861312E-0015  -7.68627794315060186223E-0019   0.00000000000000000000E+0000  -1.00188270509339184532E-0016  -7.44798197684410968197E-0013   0.00000000000000000000E+0000   0.00000000000000000000E+0000   1.35835590009346748813E-0011
  2.31012970000000000005E-0004  -2.00000000000000000000E+0000  -9.62689262109950780691E-0010 1   0.00000000000000000000E+0000   0.00000000000000000000E+0000   7.23505493683816087820E-0026   0.00000000000000000000E+0000   0.00000000000000000000E+0000   0.00000000000000000000E+0000   0.00000000000000000000E+0000   0.00000000000000000000E+0000   0.00000000000000000000E+0000   4.20458276128113492906E-0015  -7.68627794179267617380E-0019   0.00000000000000000000E+0000  -7.09846748384655965679E-0017  -4.36338877168908912007E-0013   0.00000000000000000000E+0000   0.00000000000000000000E+0000   9.62058636842725167967E-0012
  2.91505306300000000002E-0004  -2.00000000000000000000E+0000  -6.84904230458331319718E-0010 1   0.00000000000000000000E+0000   0.00000000000000000000E+0000   5.14422906596194772313E-0026   0.00000000000000000000E+0000   0.00000000000000000000E+0000   0.00000000000000000000E+0000   0.00000000000000000000E+0000   0.00000000000000000000E+0000   0.00000000000000000000E+0000   2.99199834276531564632E-0015  -7.68627794057500771173E-0019   0.00000000000000000000E+0000  -5.05021482409082389737E-0017  -2.42497288104353085772E-0013   0.00000000000000000000E+0000   0.00000000000000000000E+0000   6.84169912795028160268E-0012
  3.67837977200000000013E-0004  -2.00000000000000000000E+0000  -4.93947705182011364705E-0010 1   0.00000000000000000000E+0000   0.00000000000000000000E+0000   3.70669055294174214305E-0026   0.00000000000000000000E+0000   0.00000000000000000000E+0000   0.00000000000000000000E+0000   0.00000000000000000000E+0000   0.00000000000000000000E+0000   0.00000000000000000000E+0000   2.15807705809376768820E-0015  -7.68627793946878855789E-0019   0.00000000000000000000E+0000  -3.64217231258101918656E-0017  -1.32098718541941134374E-0013   0.00000000000000000000E+0000   0.00000000000000000000E+0000   4.93012061210315145427E-0012
  4.64158883399999999996E-0004  -2.00000000000000000000E+0000  -3.57870767598320131634E-0010 1   0.00000000000000000000E+0000   0.00000000000000000000E+0000   2.68238083986883336472E-0026   0.00000000000000000000E+0000   0.00000000000000000000E+0000   0.00000000000000000000E+0000   0.00000000000000000000E+0000   0.00000000000000000000E+0000   0.00000000000000000000E+0000   1.56366769025029009655E-0015  -7.68627793845991280830E-0019   0.00000000000000000000E+0000  -2.63882189674187344969E-0017  -7.45945837221141885225E-0014   0.00000000000000000000E+0000   0.00000000000000000000E+0000   3.56716450092810314129E-0012
  5.85702081800000000013E-0004  -2.00000000000000000000E+0000  -2.55273848483893733777E-0010 1   0.00000000000000000000E+0000   0.00000000000000000000E+0000   1.91012892239120028953E-0026   0.00000000000000000000E+0000   0.00000000000000000000E+0000   0.00000000000000000000E+0000   0.00000000000000000000E+0000   0.00000000000000000000E+0000   0.00000000000000000000E+0000   1.11550914070127174953E-0015  -7.68627793755454620918E-0019   0.00000000000000000000E+0000  -1.88236940866782955641E-0017  -4.45669047032300292470E-0014   0.00000000000000000000E+0000   0.00000000000000000000E+0000   2.54032468580678660831E-0012
  7.39072203399999999987E-0004  -2.00000000000000000000E+0000  -1.76852519598845472860E-0010 1   0.00000000000000000000E+0000   0.00000000000000000000E+0000   1.31968103594773995419E-0026   0.00000000000000000000E+0000   0.00000000000000000000E+0000   0.00000000000000000000E+0000   0.00000000000000000000E+0000   0.00000000000000000000E+0000   0.00000000000000000000E+0000   7.72958785721820300520E-0016  -7.68627793676572772332E-0019   0.00000000000000000000E+0000  -1.30417194146681332637E-0017  -2.69940258483206035480E-0014   0.00000000000000000000E+0000   0.00000000000000000000E+0000   1.75695549475814887397E-0012
  9.32603346900000000009E-0004  -2.00000000000000000000E+0000  -1.19335015534937557294E-0010 1   0.00000000000000000000E+0000   0.00000000000000000000E+0000   8.86396113357934883557E-0027   0.00000000000000000000E+0000   0.00000000000000000000E+0000   0.00000000000000000000E+0000   0.00000000000000000000E+0000   0.00000000000000000000E+0000   0.00000000000000000000E+0000   5.21663059274555720301E-0016  -7.68627793609662191551E-0019   0.00000000000000000000E+0000  -8.80058474554219486431E-0018  -1.56886216049214448054E-0014   0.00000000000000000000E+0000   0.00000000000000000000E+0000   1.18350657736601386390E-0012
  1.17681195200000000000E-0003  -2.00000000000000000000E+0000  -7.96135789779479268300E-0011 1   0.00000000000000000000E+0000   0.00000000000000000000E+0000   5.86845092388914166888E-0027   0.00000000000000000000E+0000   0.00000000000000000000E+0000   0.00000000000000000000E+0000   0.00000000000000000000E+0000   0.00000000000000000000E+0000   0.00000000000000000000E+0000   3.47884320918207017728E-0016  -7.68627793553637983854E-0019   0.00000000000000000000E+0000  -5.85436716399835515063E-0018  -8.58545970738124344986E-0015   0.00000000000000000000E+0000   0.00000000000000000000E+0000   7.87324439597662642848E-0013
  1.48496826199999999999E-0003  -2.00000000000000000000E+0000  -5.28765090064287684132E-0011 1   0.00000000000000000000E+0000   0.00000000000000000000E+0000   3.85252084344689244002E-0027   0.00000000000000000000E+0000   0.00000000000000000000E+0000   0.00000000000000000000E+0000   0.00000000000000000000E+0000   0.00000000000000000000E+0000   0.00000000000000000000E+0000   2.30957779206919642942E-0016  -7.68627793506969241822E-0019   0.00000000000000000000E+0000  -3.89739879923061104122E-0018  -4.57884320054366874138E-0015   0.00000000000000000000E+0000   0.00000000000000000000E+0000   5.21379290941319545958E-0013
  1.87381742300000000005E-0003  -2.00000000000000000000E+0000  -3.44800642990838028850E-0011 1   0.00000000000000000000E+0000   0.00000000000000000000E+0000   2.46499919578923319039E-0027   0.00000000000000000000E+0000   0.00000000000000000000E+0000   0.00000000000000000000E+0000   0.00000000000000000000E+0000   0.00000000000000000000E+0000   0.00000000000000000000E+0000   1.50462240426948303688E-0016  -7.68627793468857532452E-0019   0.00000000000000000000E+0000  -2.54182199277524467390E-0018  -2.49630252687446752711E-0015   0.00000000000000000000E+0000   0.00000000000000000000E+0000   3.38703991707655178851E-0013
  2.36448941300000000003E-0003  -2.00000000000000000000E+0000  -2.12794057004872725345E-0011 1   0.00000000000000000000E+0000   0.00000000000000000000E+0000   1.46878686664438726971E-0027   0.00000000000000000000E+0000   0.00000000000000000000E+0000   0.00000000000000000000E+0000   0.00000000000000000000E+0000   0.00000000000000000000E+0000   0.00000000000000000000E+0000   9.26647520089346327689E-0017  -7.68627793439444712708E-0019   0.00000000000000000000E+0000  -1.56872365540185718698E-0018  -1.41942807361173654086E-0015   0.00000000000000000000E+0000   0.00000000000000000000E+0000   2.08090601449585074309E-0013
  2.98364724000000000008E-0003  -2.00000000000000000000E+0000  -1.18938744189118542751E-0011 1   0.00000000000000000000E+0000   0.00000000000000000000E+0000   7.59315416111137595008E-0028   0.00000000000000000000E+0000   0.00000000000000000000E+0000   0.00000000000000000000E+0000   0.00000000000000000000E+0000   0.00000000000000000000E+0000   0.00000000000000000000E+0000   5.15087039970700217851E-0017  -7.68627793418923432951E-0019   0.00000000000000000000E+0000  -8.74255379976133340868E-0019  -7.99799506055609787542E-0016   0.00000000000000000000E+0000   0.00000000000000000000E+0000   1.15670712761169463984E-0013
  3.76493580699999999991E-0003  -2.00000000000000000000E+0000  -5.76580265561056070873E-0012 1   0.00000000000000000000E+0000   0.00000000000000000000E+0000   2.95471926060236407885E-0028   0.00000000000000000000E+0000   0.00000000000000000000E+0000   0.00000000000000000000E+0000   0.00000000000000000000E+0000   0.00000000000000000000E+0000   0.00000000000000000000E+0000   2.46094925704911218014E-0017  -7.68627793406519318503E-0019   0.00000000000000000000E+0000  -4.23613355288520032278E-0019  -4.13871268395042577322E-0016   0.00000000000000000000E+0000   0.00000000000000000000E+0000   5.57509007843120023014E-0014
  4.75081016199999999988E-0003  -2.00000000000000000000E+0000  -2.32527173833027421029E-0012 1   0.00000000000000000000E+0000   0.00000000000000000000E+0000   3.45204008865590704152E-0029   0.00000000000000000000E+0000   0.00000000000000000000E+0000   0.00000000000000000000E+0000   0.00000000000000000000E+0000   0.00000000000000000000E+0000   0.00000000000000000000E+0000   9.47805586190520164505E-0018  -7.68627793400292768467E-0019   0.00000000000000000000E+0000  -1.70351002772987106469E-0019  -1.84166024140295516158E-0016   0.00000000000000000000E+0000   0.00000000000000000000E+0000   2.23332390971366766257E-0014
  5.99484250300000000009E-0003  -2.00000000000000000000E+0000  -7.43342981035385846921E-0013 1   0.00000000000000000000E+0000   0.00000000000000000000E+0000  -8.56266516502536378431E-0029   0.00000000000000000000E+0000   0.00000000000000000000E+0000   0.00000000000000000000E+0000   0.00000000000000000000E+0000   0.00000000000000000000E+0000   0.00000000000000000000E+0000   2.51145773315619947887E-0018  -7.68627793397817811191E-0019   0.00000000000000000000E+0000  -5.44782053055847012232E-0020  -6.71137202570442207942E-0017   0.00000000000000000000E+0000   0.00000000000000000000E+0000   7.08893004673983408987E-0015
  7.56463327600000000003E-0003  -2.00000000000000000000E+0000  -1.77725864889075577643E-0013 1   0.00000000000000000000E+0000   0.00000000000000000000E+0000  -1.28651824423430234870E-0028   0.00000000000000000000E+0000   0.00000000000000000000E+0000   0.00000000000000000000E+0000   0.00000000000000000000E+0000   0.00000000000000000000E+0000   0.00000000000000000000E+0000   1.67246775266310490233E-0020  -7.68627793397082492690E-0019   0.00000000000000000000E+0000  -1.30257361822695491002E-0020  -1.90192522444013942564E-0017   0.00000000000000000000E+0000   0.00000000000000000000E+0000   1.68263134004419378909E-0015
  9.54548456699999999998E-0003  -2.00000000000000000000E+0000  -2.95930129335660739326E-0014 1   0.00000000000000000000E+0000   0.00000000000000000000E+0000  -1.39940360692685617906E-0028   0.00000000000000000000E+0000   0.00000000000000000000E+0000   0.00000000000000000000E+0000   0.00000000000000000000E+0000   0.00000000000000000000E+0000   0.00000000000000000000E+0000  -6.37779505451931370563E-0019  -7.68627793396930407513E-0019   0.00000000000000000000E+0000  -2.16549955373198273825E-0021  -3.94796880270849749634E-0018   0.00000000000000000000E+0000   0.00000000000000000000E+0000   2.78033843885169332054E-0016
